-3 6.96265e-05
-2.99805 7.0447e-05
-2.99609 7.12766e-05
-2.99414 7.21154e-05
-2.99219 7.29635e-05
-2.99023 7.38211e-05
-2.98828 7.46881e-05
-2.98633 7.55648e-05
-2.98438 7.64511e-05
-2.98242 7.73473e-05
-2.98047 7.82534e-05
-2.97852 7.91694e-05
-2.97656 8.00956e-05
-2.97461 8.1032e-05
-2.97266 8.19788e-05
-2.9707 8.29359e-05
-2.96875 8.39036e-05
-2.9668 8.4882e-05
-2.96484 8.58711e-05
-2.96289 8.6871e-05
-2.96094 8.7882e-05
-2.95898 8.8904e-05
-2.95703 8.99372e-05
-2.95508 9.09817e-05
-2.95312 9.20377e-05
-2.95117 9.31052e-05
-2.94922 9.41844e-05
-2.94727 9.52753e-05
-2.94531 9.63782e-05
-2.94336 9.74931e-05
-2.94141 9.86201e-05
-2.93945 9.97594e-05
-2.9375 0.000100911
-2.93555 0.000102075
-2.93359 0.000103252
-2.93164 0.000104442
-2.92969 0.000105644
-2.92773 0.00010686
-2.92578 0.000108088
-2.92383 0.00010933
-2.92188 0.000110586
-2.91992 0.000111855
-2.91797 0.000113138
-2.91602 0.000114434
-2.91406 0.000115745
-2.91211 0.000117069
-2.91016 0.000118408
-2.9082 0.000119761
-2.90625 0.000121129
-2.9043 0.000122512
-2.90234 0.000123909
-2.90039 0.000125321
-2.89844 0.000126749
-2.89648 0.000128191
-2.89453 0.000129649
-2.89258 0.000131123
-2.89062 0.000132613
-2.88867 0.000134118
-2.88672 0.000135639
-2.88477 0.000137177
-2.88281 0.000138731
-2.88086 0.000140302
-2.87891 0.000141889
-2.87695 0.000143493
-2.875 0.000145114
-2.87305 0.000146752
-2.87109 0.000148408
-2.86914 0.000150081
-2.86719 0.000151772
-2.86523 0.000153481
-2.86328 0.000155208
-2.86133 0.000156953
-2.85938 0.000158717
-2.85742 0.000160499
-2.85547 0.0001623
-2.85352 0.000164119
-2.85156 0.000165958
-2.84961 0.000167817
-2.84766 0.000169694
-2.8457 0.000171592
-2.84375 0.000173509
-2.8418 0.000175447
-2.83984 0.000177405
-2.83789 0.000179383
-2.83594 0.000181382
-2.83398 0.000183402
-2.83203 0.000185442
-2.83008 0.000187505
-2.82812 0.000189588
-2.82617 0.000191694
-2.82422 0.000193821
-2.82227 0.00019597
-2.82031 0.000198142
-2.81836 0.000200336
-2.81641 0.000202553
-2.81445 0.000204793
-2.8125 0.000207056
-2.81055 0.000209343
-2.80859 0.000211653
-2.80664 0.000213987
-2.80469 0.000216345
-2.80273 0.000218727
-2.80078 0.000221134
-2.79883 0.000223566
-2.79688 0.000226023
-2.79492 0.000228505
-2.79297 0.000231012
-2.79102 0.000233546
-2.78906 0.000236105
-2.78711 0.00023869
-2.78516 0.000241302
-2.7832 0.000243941
-2.78125 0.000246607
-2.7793 0.000249299
-2.77734 0.00025202
-2.77539 0.000254768
-2.77344 0.000257544
-2.77148 0.000260348
-2.76953 0.000263181
-2.76758 0.000266043
-2.76562 0.000268933
-2.76367 0.000271854
-2.76172 0.000274803
-2.75977 0.000277783
-2.75781 0.000280792
-2.75586 0.000283833
-2.75391 0.000286904
-2.75195 0.000290005
-2.75 0.000293139
-2.74805 0.000296303
-2.74609 0.0002995
-2.74414 0.000302729
-2.74219 0.00030599
-2.74023 0.000309284
-2.73828 0.000312612
-2.73633 0.000315972
-2.73438 0.000319366
-2.73242 0.000322795
-2.73047 0.000326257
-2.72852 0.000329754
-2.72656 0.000333287
-2.72461 0.000336854
-2.72266 0.000340457
-2.7207 0.000344096
-2.71875 0.000347771
-2.7168 0.000351483
-2.71484 0.000355231
-2.71289 0.000359017
-2.71094 0.000362841
-2.70898 0.000366702
-2.70703 0.000370602
-2.70508 0.00037454
-2.70312 0.000378517
-2.70117 0.000382533
-2.69922 0.00038659
-2.69727 0.000390686
-2.69531 0.000394822
-2.69336 0.000399
-2.69141 0.000403218
-2.68945 0.000407478
-2.6875 0.00041178
-2.68555 0.000416124
-2.68359 0.000420511
-2.68164 0.000424941
-2.67969 0.000429414
-2.67773 0.00043393
-2.67578 0.000438491
-2.67383 0.000443097
-2.67188 0.000447748
-2.66992 0.000452443
-2.66797 0.000457185
-2.66602 0.000461973
-2.66406 0.000466807
-2.66211 0.000471689
-2.66016 0.000476618
-2.6582 0.000481594
-2.65625 0.000486619
-2.6543 0.000491693
-2.65234 0.000496815
-2.65039 0.000501987
-2.64844 0.00050721
-2.64648 0.000512482
-2.64453 0.000517806
-2.64258 0.00052318
-2.64062 0.000528607
-2.63867 0.000534086
-2.63672 0.000539617
-2.63477 0.000545202
-2.63281 0.00055084
-2.63086 0.000556532
-2.62891 0.000562279
-2.62695 0.00056808
-2.625 0.000573938
-2.62305 0.000579851
-2.62109 0.00058582
-2.61914 0.000591847
-2.61719 0.000597931
-2.61523 0.000604073
-2.61328 0.000610273
-2.61133 0.000616533
-2.60938 0.000622851
-2.60742 0.00062923
-2.60547 0.000635669
-2.60352 0.000642169
-2.60156 0.000648731
-2.59961 0.000655355
-2.59766 0.000662041
-2.5957 0.000668791
-2.59375 0.000675604
-2.5918 0.000682481
-2.58984 0.000689423
-2.58789 0.00069643
-2.58594 0.000703504
-2.58398 0.000710643
-2.58203 0.00071785
-2.58008 0.000725124
-2.57812 0.000732466
-2.57617 0.000739877
-2.57422 0.000747357
-2.57227 0.000754907
-2.57031 0.000762528
-2.56836 0.00077022
-2.56641 0.000777983
-2.56445 0.000785818
-2.5625 0.000793727
-2.56055 0.000801709
-2.55859 0.000809765
-2.55664 0.000817895
-2.55469 0.000826101
-2.55273 0.000834383
-2.55078 0.000842742
-2.54883 0.000851178
-2.54688 0.000859691
-2.54492 0.000868283
-2.54297 0.000876955
-2.54102 0.000885706
-2.53906 0.000894538
-2.53711 0.000903451
-2.53516 0.000912446
-2.5332 0.000921523
-2.53125 0.000930683
-2.5293 0.000939928
-2.52734 0.000949257
-2.52539 0.000958671
-2.52344 0.000968171
-2.52148 0.000977758
-2.51953 0.000987432
-2.51758 0.000997195
-2.51562 0.00100705
-2.51367 0.00101699
-2.51172 0.00102702
-2.50977 0.00103714
-2.50781 0.00104735
-2.50586 0.00105766
-2.50391 0.00106806
-2.50195 0.00107855
-2.5 0.00108914
-2.49805 0.00109983
-2.49609 0.00111061
-2.49414 0.00112148
-2.49219 0.00113246
-2.49023 0.00114353
-2.48828 0.00115471
-2.48633 0.00116598
-2.48438 0.00117736
-2.48242 0.00118883
-2.48047 0.00120041
-2.47852 0.0012121
-2.47656 0.00122388
-2.47461 0.00123578
-2.47266 0.00124777
-2.4707 0.00125988
-2.46875 0.00127209
-2.4668 0.00128442
-2.46484 0.00129685
-2.46289 0.00130939
-2.46094 0.00132204
-2.45898 0.00133481
-2.45703 0.00134768
-2.45508 0.00136068
-2.45312 0.00137378
-2.45117 0.00138701
-2.44922 0.00140034
-2.44727 0.0014138
-2.44531 0.00142738
-2.44336 0.00144107
-2.44141 0.00145488
-2.43945 0.00146882
-2.4375 0.00148288
-2.43555 0.00149706
-2.43359 0.00151136
-2.43164 0.00152579
-2.42969 0.00154035
-2.42773 0.00155503
-2.42578 0.00156984
-2.42383 0.00158478
-2.42188 0.00159985
-2.41992 0.00161505
-2.41797 0.00163039
-2.41602 0.00164585
-2.41406 0.00166145
-2.41211 0.00167719
-2.41016 0.00169306
-2.4082 0.00170907
-2.40625 0.00172521
-2.4043 0.0017415
-2.40234 0.00175793
-2.40039 0.00177449
-2.39844 0.0017912
-2.39648 0.00180806
-2.39453 0.00182506
-2.39258 0.0018422
-2.39062 0.00185949
-2.38867 0.00187693
-2.38672 0.00189452
-2.38477 0.00191226
-2.38281 0.00193014
-2.38086 0.00194819
-2.37891 0.00196638
-2.37695 0.00198473
-2.375 0.00200324
-2.37305 0.0020219
-2.37109 0.00204072
-2.36914 0.00205971
-2.36719 0.00207885
-2.36523 0.00209815
-2.36328 0.00211762
-2.36133 0.00213725
-2.35938 0.00215705
-2.35742 0.00217701
-2.35547 0.00219714
-2.35352 0.00221744
-2.35156 0.00223791
-2.34961 0.00225856
-2.34766 0.00227937
-2.3457 0.00230036
-2.34375 0.00232153
-2.3418 0.00234287
-2.33984 0.00236439
-2.33789 0.00238609
-2.33594 0.00240798
-2.33398 0.00243004
-2.33203 0.00245229
-2.33008 0.00247472
-2.32812 0.00249734
-2.32617 0.00252014
-2.32422 0.00254313
-2.32227 0.00256632
-2.32031 0.0025897
-2.31836 0.00261326
-2.31641 0.00263703
-2.31445 0.00266099
-2.3125 0.00268514
-2.31055 0.0027095
-2.30859 0.00273405
-2.30664 0.00275881
-2.30469 0.00278377
-2.30273 0.00280893
-2.30078 0.0028343
-2.29883 0.00285988
-2.29688 0.00288567
-2.29492 0.00291166
-2.29297 0.00293787
-2.29102 0.00296429
-2.28906 0.00299093
-2.28711 0.00301778
-2.28516 0.00304485
-2.2832 0.00307214
-2.28125 0.00309965
-2.2793 0.00312738
-2.27734 0.00315534
-2.27539 0.00318352
-2.27344 0.00321193
-2.27148 0.00324057
-2.26953 0.00326944
-2.26758 0.00329854
-2.26562 0.00332787
-2.26367 0.00335744
-2.26172 0.00338725
-2.25977 0.0034173
-2.25781 0.00344758
-2.25586 0.00347811
-2.25391 0.00350888
-2.25195 0.0035399
-2.25 0.00357116
-2.24805 0.00360267
-2.24609 0.00363443
-2.24414 0.00366645
-2.24219 0.00369872
-2.24023 0.00373124
-2.23828 0.00376402
-2.23633 0.00379706
-2.23438 0.00383036
-2.23242 0.00386392
-2.23047 0.00389775
-2.22852 0.00393184
-2.22656 0.00396621
-2.22461 0.00400084
-2.22266 0.00403574
-2.2207 0.00407092
-2.21875 0.00410637
-2.2168 0.0041421
-2.21484 0.0041781
-2.21289 0.00421439
-2.21094 0.00425096
-2.20898 0.00428782
-2.20703 0.00432496
-2.20508 0.00436239
-2.20312 0.00440011
-2.20117 0.00443813
-2.19922 0.00447644
-2.19727 0.00451504
-2.19531 0.00455394
-2.19336 0.00459315
-2.19141 0.00463265
-2.18945 0.00467246
-2.1875 0.00471257
-2.18555 0.004753
-2.18359 0.00479373
-2.18164 0.00483477
-2.17969 0.00487613
-2.17773 0.00491781
-2.17578 0.0049598
-2.17383 0.00500212
-2.17188 0.00504476
-2.16992 0.00508772
-2.16797 0.00513101
-2.16602 0.00517462
-2.16406 0.00521857
-2.16211 0.00526285
-2.16016 0.00530747
-2.1582 0.00535242
-2.15625 0.00539772
-2.1543 0.00544335
-2.15234 0.00548933
-2.15039 0.00553566
-2.14844 0.00558233
-2.14648 0.00562936
-2.14453 0.00567673
-2.14258 0.00572447
-2.14062 0.00577256
-2.13867 0.00582101
-2.13672 0.00586982
-2.13477 0.00591899
-2.13281 0.00596853
-2.13086 0.00601844
-2.12891 0.00606872
-2.12695 0.00611938
-2.125 0.00617041
-2.12305 0.00622182
-2.12109 0.00627361
-2.11914 0.00632578
-2.11719 0.00637834
-2.11523 0.00643128
-2.11328 0.00648462
-2.11133 0.00653834
-2.10938 0.00659247
-2.10742 0.00664699
-2.10547 0.0067019
-2.10352 0.00675723
-2.10156 0.00681295
-2.09961 0.00686908
-2.09766 0.00692563
-2.0957 0.00698258
-2.09375 0.00703995
-2.0918 0.00709774
-2.08984 0.00715594
-2.08789 0.00721457
-2.08594 0.00727363
-2.08398 0.00733311
-2.08203 0.00739302
-2.08008 0.00745336
-2.07812 0.00751414
-2.07617 0.00757536
-2.07422 0.00763702
-2.07227 0.00769912
-2.07031 0.00776166
-2.06836 0.00782466
-2.06641 0.0078881
-2.06445 0.007952
-2.0625 0.00801636
-2.06055 0.00808117
-2.05859 0.00814645
-2.05664 0.00821219
-2.05469 0.0082784
-2.05273 0.00834508
-2.05078 0.00841223
-2.04883 0.00847986
-2.04688 0.00854796
-2.04492 0.00861655
-2.04297 0.00868562
-2.04102 0.00875518
-2.03906 0.00882523
-2.03711 0.00889577
-2.03516 0.0089668
-2.0332 0.00903834
-2.03125 0.00911037
-2.0293 0.00918291
-2.02734 0.00925596
-2.02539 0.00932952
-2.02344 0.00940359
-2.02148 0.00947817
-2.01953 0.00955327
-2.01758 0.0096289
-2.01562 0.00970505
-2.01367 0.00978173
-2.01172 0.00985893
-2.00977 0.00993668
-2.00781 0.010015
-2.00586 0.0100938
-2.00391 0.0101731
-2.00195 0.010253
-2 0.0103335
-1.99805 0.0104145
-1.99609 0.0104961
-1.99414 0.0105782
-1.99219 0.0106609
-1.99023 0.0107441
-1.98828 0.0108279
-1.98633 0.0109123
-1.98438 0.0109973
-1.98242 0.0110828
-1.98047 0.0111689
-1.97852 0.0112556
-1.97656 0.0113429
-1.97461 0.0114308
-1.97266 0.0115192
-1.9707 0.0116083
-1.96875 0.011698
-1.9668 0.0117882
-1.96484 0.0118791
-1.96289 0.0119706
-1.96094 0.0120627
-1.95898 0.0121554
-1.95703 0.0122487
-1.95508 0.0123426
-1.95312 0.0124372
-1.95117 0.0125324
-1.94922 0.0126283
-1.94727 0.0127247
-1.94531 0.0128218
-1.94336 0.0129196
-1.94141 0.013018
-1.93945 0.013117
-1.9375 0.0132167
-1.93555 0.0133171
-1.93359 0.0134181
-1.93164 0.0135198
-1.92969 0.0136221
-1.92773 0.0137252
-1.92578 0.0138288
-1.92383 0.0139332
-1.92188 0.0140383
-1.91992 0.014144
-1.91797 0.0142504
-1.91602 0.0143575
-1.91406 0.0144653
-1.91211 0.0145738
-1.91016 0.014683
-1.9082 0.014793
-1.90625 0.0149036
-1.9043 0.0150149
-1.90234 0.015127
-1.90039 0.0152397
-1.89844 0.0153532
-1.89648 0.0154674
-1.89453 0.0155824
-1.89258 0.0156981
-1.89062 0.0158145
-1.88867 0.0159317
-1.88672 0.0160496
-1.88477 0.0161682
-1.88281 0.0162877
-1.88086 0.0164078
-1.87891 0.0165288
-1.87695 0.0166505
-1.875 0.0167729
-1.87305 0.0168961
-1.87109 0.0170202
-1.86914 0.0171449
-1.86719 0.0172705
-1.86523 0.0173969
-1.86328 0.017524
-1.86133 0.017652
-1.85938 0.0177807
-1.85742 0.0179103
-1.85547 0.0180406
-1.85352 0.0181718
-1.85156 0.0183038
-1.84961 0.0184366
-1.84766 0.0185702
-1.8457 0.0187046
-1.84375 0.0188399
-1.8418 0.018976
-1.83984 0.0191129
-1.83789 0.0192507
-1.83594 0.0193893
-1.83398 0.0195288
-1.83203 0.0196692
-1.83008 0.0198103
-1.82812 0.0199524
-1.82617 0.0200953
-1.82422 0.0202391
-1.82227 0.0203838
-1.82031 0.0205293
-1.81836 0.0206757
-1.81641 0.020823
-1.81445 0.0209712
-1.8125 0.0211203
-1.81055 0.0212703
-1.80859 0.0214212
-1.80664 0.0215729
-1.80469 0.0217256
-1.80273 0.0218793
-1.80078 0.0220338
-1.79883 0.0221892
-1.79688 0.0223456
-1.79492 0.0225029
-1.79297 0.0226612
-1.79102 0.0228204
-1.78906 0.0229805
-1.78711 0.0231416
-1.78516 0.0233036
-1.7832 0.0234666
-1.78125 0.0236305
-1.7793 0.0237954
-1.77734 0.0239613
-1.77539 0.0241281
-1.77344 0.024296
-1.77148 0.0244648
-1.76953 0.0246345
-1.76758 0.0248053
-1.76562 0.0249771
-1.76367 0.0251498
-1.76172 0.0253236
-1.75977 0.0254984
-1.75781 0.0256742
-1.75586 0.025851
-1.75391 0.0260288
-1.75195 0.0262076
-1.75 0.0263875
-1.74805 0.0265684
-1.74609 0.0267503
-1.74414 0.0269333
-1.74219 0.0271173
-1.74023 0.0273024
-1.73828 0.0274885
-1.73633 0.0276757
-1.73438 0.0278639
-1.73242 0.0280533
-1.73047 0.0282436
-1.72852 0.0284351
-1.72656 0.0286276
-1.72461 0.0288212
-1.72266 0.029016
-1.7207 0.0292118
-1.71875 0.0294086
-1.7168 0.0296066
-1.71484 0.0298057
-1.71289 0.030006
-1.71094 0.0302073
-1.70898 0.0304097
-1.70703 0.0306133
-1.70508 0.030818
-1.70312 0.0310238
-1.70117 0.0312308
-1.69922 0.0314389
-1.69727 0.0316482
-1.69531 0.0318586
-1.69336 0.0320701
-1.69141 0.0322828
-1.68945 0.0324967
-1.6875 0.0327117
-1.68555 0.032928
-1.68359 0.0331453
-1.68164 0.0333639
-1.67969 0.0335837
-1.67773 0.0338046
-1.67578 0.0340268
-1.67383 0.0342501
-1.67188 0.0344747
-1.66992 0.0347004
-1.66797 0.0349274
-1.66602 0.0351555
-1.66406 0.0353849
-1.66211 0.0356156
-1.66016 0.0358474
-1.6582 0.0360805
-1.65625 0.0363148
-1.6543 0.0365504
-1.65234 0.0367872
-1.65039 0.0370253
-1.64844 0.0372646
-1.64648 0.0375052
-1.64453 0.037747
-1.64258 0.0379902
-1.64062 0.0382346
-1.63867 0.0384802
-1.63672 0.0387272
-1.63477 0.0389754
-1.63281 0.039225
-1.63086 0.0394758
-1.62891 0.0397279
-1.62695 0.0399814
-1.625 0.0402361
-1.62305 0.0404922
-1.62109 0.0407496
-1.61914 0.0410083
-1.61719 0.0412683
-1.61523 0.0415297
-1.61328 0.0417924
-1.61133 0.0420564
-1.60938 0.0423218
-1.60742 0.0425885
-1.60547 0.0428566
-1.60352 0.0431261
-1.60156 0.0433969
-1.59961 0.0436691
-1.59766 0.0439426
-1.5957 0.0442176
-1.59375 0.0444939
-1.5918 0.0447716
-1.58984 0.0450506
-1.58789 0.0453311
-1.58594 0.045613
-1.58398 0.0458963
-1.58203 0.046181
-1.58008 0.046467
-1.57812 0.0467546
-1.57617 0.0470435
-1.57422 0.0473338
-1.57227 0.0476256
-1.57031 0.0479189
-1.56836 0.0482135
-1.56641 0.0485096
-1.56445 0.0488071
-1.5625 0.0491061
-1.56055 0.0494066
-1.55859 0.0497085
-1.55664 0.0500119
-1.55469 0.0503167
-1.55273 0.050623
-1.55078 0.0509308
-1.54883 0.0512401
-1.54688 0.0515508
-1.54492 0.0518631
-1.54297 0.0521768
-1.54102 0.052492
-1.53906 0.0528088
-1.53711 0.053127
-1.53516 0.0534467
-1.5332 0.053768
-1.53125 0.0540908
-1.5293 0.0544151
-1.52734 0.0547409
-1.52539 0.0550683
-1.52344 0.0553972
-1.52148 0.0557276
-1.51953 0.0560596
-1.51758 0.0563931
-1.51562 0.0567282
-1.51367 0.0570648
-1.51172 0.057403
-1.50977 0.0577428
-1.50781 0.0580841
-1.50586 0.058427
-1.50391 0.0587715
-1.50195 0.0591175
-1.5 0.0594651
-1.49805 0.0598144
-1.49609 0.0601652
-1.49414 0.0605176
-1.49219 0.0608716
-1.49023 0.0612272
-1.48828 0.0615844
-1.48633 0.0619433
-1.48438 0.0623037
-1.48242 0.0626658
-1.48047 0.0630295
-1.47852 0.0633948
-1.47656 0.0637618
-1.47461 0.0641303
-1.47266 0.0645006
-1.4707 0.0648724
-1.46875 0.0652459
-1.4668 0.0656211
-1.46484 0.0659979
-1.46289 0.0663764
-1.46094 0.0667565
-1.45898 0.0671383
-1.45703 0.0675218
-1.45508 0.0679069
-1.45312 0.0682937
-1.45117 0.0686822
-1.44922 0.0690724
-1.44727 0.0694643
-1.44531 0.0698578
-1.44336 0.0702531
-1.44141 0.07065
-1.43945 0.0710487
-1.4375 0.071449
-1.43555 0.0718511
-1.43359 0.0722548
-1.43164 0.0726603
-1.42969 0.0730675
-1.42773 0.0734764
-1.42578 0.0738871
-1.42383 0.0742995
-1.42188 0.0747136
-1.41992 0.0751294
-1.41797 0.075547
-1.41602 0.0759663
-1.41406 0.0763874
-1.41211 0.0768102
-1.41016 0.0772348
-1.4082 0.0776611
-1.40625 0.0780892
-1.4043 0.078519
-1.40234 0.0789506
-1.40039 0.079384
-1.39844 0.0798191
-1.39648 0.080256
-1.39453 0.0806947
-1.39258 0.0811352
-1.39062 0.0815774
-1.38867 0.0820214
-1.38672 0.0824673
-1.38477 0.0829149
-1.38281 0.0833643
-1.38086 0.0838155
-1.37891 0.0842685
-1.37695 0.0847233
-1.375 0.0851799
-1.37305 0.0856383
-1.37109 0.0860985
-1.36914 0.0865606
-1.36719 0.0870244
-1.36523 0.0874901
-1.36328 0.0879576
-1.36133 0.0884269
-1.35938 0.088898
-1.35742 0.089371
-1.35547 0.0898458
-1.35352 0.0903224
-1.35156 0.0908009
-1.34961 0.0912812
-1.34766 0.0917633
-1.3457 0.0922473
-1.34375 0.0927332
-1.3418 0.0932209
-1.33984 0.0937104
-1.33789 0.0942018
-1.33594 0.094695
-1.33398 0.0951901
-1.33203 0.0956871
-1.33008 0.0961859
-1.32812 0.0966866
-1.32617 0.0971891
-1.32422 0.0976935
-1.32227 0.0981998
-1.32031 0.0987079
-1.31836 0.0992179
-1.31641 0.0997298
-1.31445 0.100244
-1.3125 0.100759
-1.31055 0.101277
-1.30859 0.101796
-1.30664 0.102317
-1.30469 0.102841
-1.30273 0.103366
-1.30078 0.103893
-1.29883 0.104422
-1.29688 0.104952
-1.29492 0.105485
-1.29297 0.106019
-1.29102 0.106556
-1.28906 0.107094
-1.28711 0.107634
-1.28516 0.108176
-1.2832 0.10872
-1.28125 0.109266
-1.2793 0.109814
-1.27734 0.110364
-1.27539 0.110916
-1.27344 0.111469
-1.27148 0.112025
-1.26953 0.112582
-1.26758 0.113141
-1.26562 0.113702
-1.26367 0.114265
-1.26172 0.11483
-1.25977 0.115397
-1.25781 0.115966
-1.25586 0.116537
-1.25391 0.11711
-1.25195 0.117684
-1.25 0.118261
-1.24805 0.118839
-1.24609 0.119419
-1.24414 0.120002
-1.24219 0.120586
-1.24023 0.121172
-1.23828 0.12176
-1.23633 0.12235
-1.23438 0.122942
-1.23242 0.123535
-1.23047 0.124131
-1.22852 0.124729
-1.22656 0.125328
-1.22461 0.125929
-1.22266 0.126533
-1.2207 0.127138
-1.21875 0.127745
-1.2168 0.128354
-1.21484 0.128966
-1.21289 0.129578
-1.21094 0.130193
-1.20898 0.13081
-1.20703 0.131429
-1.20508 0.13205
-1.20312 0.132672
-1.20117 0.133297
-1.19922 0.133923
-1.19727 0.134551
-1.19531 0.135182
-1.19336 0.135814
-1.19141 0.136448
-1.18945 0.137084
-1.1875 0.137722
-1.18555 0.138361
-1.18359 0.139003
-1.18164 0.139647
-1.17969 0.140292
-1.17773 0.14094
-1.17578 0.141589
-1.17383 0.14224
-1.17188 0.142893
-1.16992 0.143549
-1.16797 0.144205
-1.16602 0.144864
-1.16406 0.145525
-1.16211 0.146188
-1.16016 0.146852
-1.1582 0.147519
-1.15625 0.148187
-1.1543 0.148857
-1.15234 0.14953
-1.15039 0.150204
-1.14844 0.15088
-1.14648 0.151557
-1.14453 0.152237
-1.14258 0.152919
-1.14062 0.153602
-1.13867 0.154287
-1.13672 0.154975
-1.13477 0.155664
-1.13281 0.156355
-1.13086 0.157047
-1.12891 0.157742
-1.12695 0.158439
-1.125 0.159137
-1.12305 0.159837
-1.12109 0.160539
-1.11914 0.161243
-1.11719 0.161949
-1.11523 0.162657
-1.11328 0.163366
-1.11133 0.164078
-1.10938 0.164791
-1.10742 0.165506
-1.10547 0.166223
-1.10352 0.166942
-1.10156 0.167662
-1.09961 0.168384
-1.09766 0.169109
-1.0957 0.169835
-1.09375 0.170562
-1.0918 0.171292
-1.08984 0.172023
-1.08789 0.172757
-1.08594 0.173492
-1.08398 0.174229
-1.08203 0.174967
-1.08008 0.175708
-1.07812 0.17645
-1.07617 0.177194
-1.07422 0.17794
-1.07227 0.178687
-1.07031 0.179437
-1.06836 0.180188
-1.06641 0.18094
-1.06445 0.181695
-1.0625 0.182451
-1.06055 0.18321
-1.05859 0.183969
-1.05664 0.184731
-1.05469 0.185494
-1.05273 0.186259
-1.05078 0.187026
-1.04883 0.187795
-1.04688 0.188565
-1.04492 0.189337
-1.04297 0.190111
-1.04102 0.190886
-1.03906 0.191663
-1.03711 0.192442
-1.03516 0.193222
-1.0332 0.194005
-1.03125 0.194788
-1.0293 0.195574
-1.02734 0.196361
-1.02539 0.19715
-1.02344 0.19794
-1.02148 0.198733
-1.01953 0.199526
-1.01758 0.200322
-1.01562 0.201119
-1.01367 0.201918
-1.01172 0.202718
-1.00977 0.20352
-1.00781 0.204323
-1.00586 0.205129
-1.00391 0.205935
-1.00195 0.206744
-1 0.207554
-0.998047 0.208365
-0.996094 0.209178
-0.994141 0.209993
-0.992188 0.210809
-0.990234 0.211627
-0.988281 0.212447
-0.986328 0.213267
-0.984375 0.21409
-0.982422 0.214914
-0.980469 0.215739
-0.978516 0.216566
-0.976562 0.217395
-0.974609 0.218225
-0.972656 0.219057
-0.970703 0.21989
-0.96875 0.220724
-0.966797 0.22156
-0.964844 0.222398
-0.962891 0.223237
-0.960938 0.224077
-0.958984 0.224919
-0.957031 0.225762
-0.955078 0.226607
-0.953125 0.227453
-0.951172 0.2283
-0.949219 0.229149
-0.947266 0.23
-0.945312 0.230851
-0.943359 0.231705
-0.941406 0.232559
-0.939453 0.233415
-0.9375 0.234272
-0.935547 0.235131
-0.933594 0.235991
-0.931641 0.236852
-0.929688 0.237715
-0.927734 0.238579
-0.925781 0.239444
-0.923828 0.240311
-0.921875 0.241178
-0.919922 0.242048
-0.917969 0.242918
-0.916016 0.24379
-0.914062 0.244663
-0.912109 0.245537
-0.910156 0.246412
-0.908203 0.247289
-0.90625 0.248167
-0.904297 0.249046
-0.902344 0.249926
-0.900391 0.250808
-0.898438 0.251691
-0.896484 0.252574
-0.894531 0.25346
-0.892578 0.254346
-0.890625 0.255233
-0.888672 0.256122
-0.886719 0.257011
-0.884766 0.257902
-0.882812 0.258794
-0.880859 0.259687
-0.878906 0.260581
-0.876953 0.261476
-0.875 0.262373
-0.873047 0.26327
-0.871094 0.264168
-0.869141 0.265068
-0.867188 0.265968
-0.865234 0.26687
-0.863281 0.267772
-0.861328 0.268675
-0.859375 0.26958
-0.857422 0.270485
-0.855469 0.271392
-0.853516 0.272299
-0.851562 0.273208
-0.849609 0.274117
-0.847656 0.275027
-0.845703 0.275938
-0.84375 0.27685
-0.841797 0.277763
-0.839844 0.278677
-0.837891 0.279592
-0.835938 0.280507
-0.833984 0.281423
-0.832031 0.282341
-0.830078 0.283259
-0.828125 0.284178
-0.826172 0.285097
-0.824219 0.286018
-0.822266 0.286939
-0.820312 0.287861
-0.818359 0.288784
-0.816406 0.289707
-0.814453 0.290632
-0.8125 0.291557
-0.810547 0.292482
-0.808594 0.293409
-0.806641 0.294336
-0.804688 0.295264
-0.802734 0.296192
-0.800781 0.297121
-0.798828 0.298051
-0.796875 0.298981
-0.794922 0.299912
-0.792969 0.300844
-0.791016 0.301776
-0.789062 0.302709
-0.787109 0.303642
-0.785156 0.304576
-0.783203 0.30551
-0.78125 0.306445
-0.779297 0.307381
-0.777344 0.308317
-0.775391 0.309253
-0.773438 0.31019
-0.771484 0.311127
-0.769531 0.312065
-0.767578 0.313003
-0.765625 0.313942
-0.763672 0.314881
-0.761719 0.315821
-0.759766 0.316761
-0.757812 0.317701
-0.755859 0.318642
-0.753906 0.319583
-0.751953 0.320524
-0.75 0.321466
-0.748047 0.322407
-0.746094 0.32335
-0.744141 0.324292
-0.742188 0.325235
-0.740234 0.326178
-0.738281 0.327121
-0.736328 0.328065
-0.734375 0.329009
-0.732422 0.329952
-0.730469 0.330897
-0.728516 0.331841
-0.726562 0.332785
-0.724609 0.33373
-0.722656 0.334674
-0.720703 0.335619
-0.71875 0.336564
-0.716797 0.337509
-0.714844 0.338454
-0.712891 0.339399
-0.710938 0.340344
-0.708984 0.34129
-0.707031 0.342235
-0.705078 0.34318
-0.703125 0.344125
-0.701172 0.34507
-0.699219 0.346015
-0.697266 0.346961
-0.695312 0.347905
-0.693359 0.34885
-0.691406 0.349795
-0.689453 0.35074
-0.6875 0.351684
-0.685547 0.352629
-0.683594 0.353573
-0.681641 0.354517
-0.679688 0.355461
-0.677734 0.356405
-0.675781 0.357348
-0.673828 0.358291
-0.671875 0.359234
-0.669922 0.360177
-0.667969 0.361119
-0.666016 0.362061
-0.664062 0.363003
-0.662109 0.363945
-0.660156 0.364886
-0.658203 0.365826
-0.65625 0.366767
-0.654297 0.367707
-0.652344 0.368646
-0.650391 0.369586
-0.648438 0.370524
-0.646484 0.371463
-0.644531 0.3724
-0.642578 0.373338
-0.640625 0.374275
-0.638672 0.375211
-0.636719 0.376147
-0.634766 0.377082
-0.632812 0.378017
-0.630859 0.378951
-0.628906 0.379885
-0.626953 0.380817
-0.625 0.38175
-0.623047 0.382681
-0.621094 0.383612
-0.619141 0.384543
-0.617188 0.385473
-0.615234 0.386402
-0.613281 0.38733
-0.611328 0.388257
-0.609375 0.389184
-0.607422 0.39011
-0.605469 0.391035
-0.603516 0.39196
-0.601562 0.392883
-0.599609 0.393806
-0.597656 0.394728
-0.595703 0.395649
-0.59375 0.396569
-0.591797 0.397489
-0.589844 0.398407
-0.587891 0.399325
-0.585938 0.400241
-0.583984 0.401157
-0.582031 0.402072
-0.580078 0.402985
-0.578125 0.403898
-0.576172 0.404809
-0.574219 0.40572
-0.572266 0.406629
-0.570312 0.407538
-0.568359 0.408445
-0.566406 0.409352
-0.564453 0.410257
-0.5625 0.411161
-0.560547 0.412064
-0.558594 0.412965
-0.556641 0.413866
-0.554688 0.414765
-0.552734 0.415663
-0.550781 0.41656
-0.548828 0.417456
-0.546875 0.41835
-0.544922 0.419243
-0.542969 0.420135
-0.541016 0.421025
-0.539062 0.421914
-0.537109 0.422802
-0.535156 0.423688
-0.533203 0.424573
-0.53125 0.425457
-0.529297 0.426339
-0.527344 0.42722
-0.525391 0.428099
-0.523438 0.428977
-0.521484 0.429853
-0.519531 0.430728
-0.517578 0.431602
-0.515625 0.432474
-0.513672 0.433344
-0.511719 0.434213
-0.509766 0.43508
-0.507812 0.435945
-0.505859 0.436809
-0.503906 0.437672
-0.501953 0.438532
-0.5 0.439391
-0.498047 0.440249
-0.496094 0.441104
-0.494141 0.441958
-0.492188 0.44281
-0.490234 0.443661
-0.488281 0.44451
-0.486328 0.445357
-0.484375 0.446202
-0.482422 0.447045
-0.480469 0.447887
-0.478516 0.448726
-0.476562 0.449564
-0.474609 0.4504
-0.472656 0.451234
-0.470703 0.452066
-0.46875 0.452897
-0.466797 0.453725
-0.464844 0.454551
-0.462891 0.455376
-0.460938 0.456198
-0.458984 0.457018
-0.457031 0.457837
-0.455078 0.458653
-0.453125 0.459467
-0.451172 0.46028
-0.449219 0.46109
-0.447266 0.461898
-0.445312 0.462704
-0.443359 0.463508
-0.441406 0.464309
-0.439453 0.465109
-0.4375 0.465906
-0.435547 0.466701
-0.433594 0.467494
-0.431641 0.468285
-0.429688 0.469073
-0.427734 0.469859
-0.425781 0.470643
-0.423828 0.471425
-0.421875 0.472204
-0.419922 0.472981
-0.417969 0.473756
-0.416016 0.474528
-0.414062 0.475298
-0.412109 0.476066
-0.410156 0.476831
-0.408203 0.477594
-0.40625 0.478354
-0.404297 0.479112
-0.402344 0.479867
-0.400391 0.48062
-0.398438 0.481371
-0.396484 0.482119
-0.394531 0.482864
-0.392578 0.483607
-0.390625 0.484347
-0.388672 0.485085
-0.386719 0.48582
-0.384766 0.486553
-0.382812 0.487283
-0.380859 0.48801
-0.378906 0.488735
-0.376953 0.489457
-0.375 0.490176
-0.373047 0.490893
-0.371094 0.491607
-0.369141 0.492318
-0.367188 0.493027
-0.365234 0.493733
-0.363281 0.494436
-0.361328 0.495136
-0.359375 0.495833
-0.357422 0.496528
-0.355469 0.49722
-0.353516 0.497909
-0.351562 0.498595
-0.349609 0.499278
-0.347656 0.499959
-0.345703 0.500636
-0.34375 0.501311
-0.341797 0.501982
-0.339844 0.502651
-0.337891 0.503317
-0.335938 0.50398
-0.333984 0.50464
-0.332031 0.505297
-0.330078 0.50595
-0.328125 0.506601
-0.326172 0.507249
-0.324219 0.507894
-0.322266 0.508536
-0.320312 0.509174
-0.318359 0.50981
-0.316406 0.510442
-0.314453 0.511072
-0.3125 0.511698
-0.310547 0.512321
-0.308594 0.512941
-0.306641 0.513557
-0.304688 0.514171
-0.302734 0.514781
-0.300781 0.515388
-0.298828 0.515992
-0.296875 0.516593
-0.294922 0.517191
-0.292969 0.517785
-0.291016 0.518376
-0.289062 0.518963
-0.287109 0.519548
-0.285156 0.520129
-0.283203 0.520706
-0.28125 0.521281
-0.279297 0.521852
-0.277344 0.522419
-0.275391 0.522984
-0.273438 0.523545
-0.271484 0.524102
-0.269531 0.524656
-0.267578 0.525207
-0.265625 0.525754
-0.263672 0.526298
-0.261719 0.526838
-0.259766 0.527375
-0.257812 0.527909
-0.255859 0.528438
-0.253906 0.528965
-0.251953 0.529488
-0.25 0.530007
-0.248047 0.530523
-0.246094 0.531035
-0.244141 0.531544
-0.242188 0.532049
-0.240234 0.532551
-0.238281 0.533048
-0.236328 0.533543
-0.234375 0.534034
-0.232422 0.534521
-0.230469 0.535004
-0.228516 0.535484
-0.226562 0.53596
-0.224609 0.536433
-0.222656 0.536901
-0.220703 0.537367
-0.21875 0.537828
-0.216797 0.538286
-0.214844 0.53874
-0.212891 0.53919
-0.210938 0.539636
-0.208984 0.540079
-0.207031 0.540518
-0.205078 0.540953
-0.203125 0.541385
-0.201172 0.541813
-0.199219 0.542236
-0.197266 0.542657
-0.195312 0.543073
-0.193359 0.543485
-0.191406 0.543894
-0.189453 0.544299
-0.1875 0.544699
-0.185547 0.545096
-0.183594 0.54549
-0.181641 0.545879
-0.179688 0.546264
-0.177734 0.546646
-0.175781 0.547023
-0.173828 0.547397
-0.171875 0.547767
-0.169922 0.548132
-0.167969 0.548494
-0.166016 0.548852
-0.164062 0.549206
-0.162109 0.549556
-0.160156 0.549902
-0.158203 0.550244
-0.15625 0.550582
-0.154297 0.550916
-0.152344 0.551246
-0.150391 0.551572
-0.148438 0.551894
-0.146484 0.552212
-0.144531 0.552526
-0.142578 0.552836
-0.140625 0.553142
-0.138672 0.553444
-0.136719 0.553742
-0.134766 0.554035
-0.132812 0.554325
-0.130859 0.554611
-0.128906 0.554892
-0.126953 0.555169
-0.125 0.555443
-0.123047 0.555712
-0.121094 0.555977
-0.119141 0.556238
-0.117188 0.556495
-0.115234 0.556747
-0.113281 0.556996
-0.111328 0.55724
-0.109375 0.55748
-0.107422 0.557717
-0.105469 0.557949
-0.103516 0.558176
-0.101562 0.5584
-0.0996094 0.558619
-0.0976562 0.558835
-0.0957031 0.559046
-0.09375 0.559253
-0.0917969 0.559455
-0.0898438 0.559654
-0.0878906 0.559848
-0.0859375 0.560038
-0.0839844 0.560224
-0.0820312 0.560406
-0.0800781 0.560583
-0.078125 0.560757
-0.0761719 0.560926
-0.0742188 0.56109
-0.0722656 0.561251
-0.0703125 0.561407
-0.0683594 0.561559
-0.0664062 0.561707
-0.0644531 0.561851
-0.0625 0.56199
-0.0605469 0.562125
-0.0585938 0.562256
-0.0566406 0.562382
-0.0546875 0.562505
-0.0527344 0.562623
-0.0507812 0.562737
-0.0488281 0.562846
-0.046875 0.562951
-0.0449219 0.563052
-0.0429688 0.563149
-0.0410156 0.563241
-0.0390625 0.563329
-0.0371094 0.563413
-0.0351562 0.563493
-0.0332031 0.563568
-0.03125 0.563639
-0.0292969 0.563706
-0.0273438 0.563768
-0.0253906 0.563826
-0.0234375 0.56388
-0.0214844 0.563929
-0.0195312 0.563974
-0.0175781 0.564015
-0.015625 0.564052
-0.0136719 0.564084
-0.0117188 0.564112
-0.00976562 0.564136
-0.0078125 0.564155
-0.00585938 0.56417
-0.00390625 0.564181
-0.00195312 0.564187
0 0.56419
0.00195312 0.564187
0.00390625 0.564181
0.00585938 0.56417
0.0078125 0.564155
0.00976562 0.564136
0.0117188 0.564112
0.0136719 0.564084
0.015625 0.564052
0.0175781 0.564015
0.0195312 0.563974
0.0214844 0.563929
0.0234375 0.56388
0.0253906 0.563826
0.0273438 0.563768
0.0292969 0.563706
0.03125 0.563639
0.0332031 0.563568
0.0351562 0.563493
0.0371094 0.563413
0.0390625 0.563329
0.0410156 0.563241
0.0429688 0.563149
0.0449219 0.563052
0.046875 0.562951
0.0488281 0.562846
0.0507812 0.562737
0.0527344 0.562623
0.0546875 0.562505
0.0566406 0.562382
0.0585938 0.562256
0.0605469 0.562125
0.0625 0.56199
0.0644531 0.561851
0.0664062 0.561707
0.0683594 0.561559
0.0703125 0.561407
0.0722656 0.561251
0.0742188 0.56109
0.0761719 0.560926
0.078125 0.560757
0.0800781 0.560583
0.0820312 0.560406
0.0839844 0.560224
0.0859375 0.560038
0.0878906 0.559848
0.0898438 0.559654
0.0917969 0.559455
0.09375 0.559253
0.0957031 0.559046
0.0976562 0.558835
0.0996094 0.558619
0.101562 0.5584
0.103516 0.558176
0.105469 0.557949
0.107422 0.557717
0.109375 0.55748
0.111328 0.55724
0.113281 0.556996
0.115234 0.556747
0.117188 0.556495
0.119141 0.556238
0.121094 0.555977
0.123047 0.555712
0.125 0.555443
0.126953 0.555169
0.128906 0.554892
0.130859 0.554611
0.132812 0.554325
0.134766 0.554035
0.136719 0.553742
0.138672 0.553444
0.140625 0.553142
0.142578 0.552836
0.144531 0.552526
0.146484 0.552212
0.148438 0.551894
0.150391 0.551572
0.152344 0.551246
0.154297 0.550916
0.15625 0.550582
0.158203 0.550244
0.160156 0.549902
0.162109 0.549556
0.164062 0.549206
0.166016 0.548852
0.167969 0.548494
0.169922 0.548132
0.171875 0.547767
0.173828 0.547397
0.175781 0.547023
0.177734 0.546646
0.179688 0.546264
0.181641 0.545879
0.183594 0.54549
0.185547 0.545096
0.1875 0.544699
0.189453 0.544299
0.191406 0.543894
0.193359 0.543485
0.195312 0.543073
0.197266 0.542657
0.199219 0.542236
0.201172 0.541813
0.203125 0.541385
0.205078 0.540953
0.207031 0.540518
0.208984 0.540079
0.210938 0.539636
0.212891 0.53919
0.214844 0.53874
0.216797 0.538286
0.21875 0.537828
0.220703 0.537367
0.222656 0.536901
0.224609 0.536433
0.226562 0.53596
0.228516 0.535484
0.230469 0.535004
0.232422 0.534521
0.234375 0.534034
0.236328 0.533543
0.238281 0.533048
0.240234 0.532551
0.242188 0.532049
0.244141 0.531544
0.246094 0.531035
0.248047 0.530523
0.25 0.530007
0.251953 0.529488
0.253906 0.528965
0.255859 0.528438
0.257812 0.527909
0.259766 0.527375
0.261719 0.526838
0.263672 0.526298
0.265625 0.525754
0.267578 0.525207
0.269531 0.524656
0.271484 0.524102
0.273438 0.523545
0.275391 0.522984
0.277344 0.522419
0.279297 0.521852
0.28125 0.521281
0.283203 0.520706
0.285156 0.520129
0.287109 0.519548
0.289062 0.518963
0.291016 0.518376
0.292969 0.517785
0.294922 0.517191
0.296875 0.516593
0.298828 0.515992
0.300781 0.515388
0.302734 0.514781
0.304688 0.514171
0.306641 0.513557
0.308594 0.512941
0.310547 0.512321
0.3125 0.511698
0.314453 0.511072
0.316406 0.510442
0.318359 0.50981
0.320312 0.509174
0.322266 0.508536
0.324219 0.507894
0.326172 0.507249
0.328125 0.506601
0.330078 0.50595
0.332031 0.505297
0.333984 0.50464
0.335938 0.50398
0.337891 0.503317
0.339844 0.502651
0.341797 0.501982
0.34375 0.501311
0.345703 0.500636
0.347656 0.499959
0.349609 0.499278
0.351562 0.498595
0.353516 0.497909
0.355469 0.49722
0.357422 0.496528
0.359375 0.495833
0.361328 0.495136
0.363281 0.494436
0.365234 0.493733
0.367188 0.493027
0.369141 0.492318
0.371094 0.491607
0.373047 0.490893
0.375 0.490176
0.376953 0.489457
0.378906 0.488735
0.380859 0.48801
0.382812 0.487283
0.384766 0.486553
0.386719 0.48582
0.388672 0.485085
0.390625 0.484347
0.392578 0.483607
0.394531 0.482864
0.396484 0.482119
0.398438 0.481371
0.400391 0.48062
0.402344 0.479867
0.404297 0.479112
0.40625 0.478354
0.408203 0.477594
0.410156 0.476831
0.412109 0.476066
0.414062 0.475298
0.416016 0.474528
0.417969 0.473756
0.419922 0.472981
0.421875 0.472204
0.423828 0.471425
0.425781 0.470643
0.427734 0.469859
0.429688 0.469073
0.431641 0.468285
0.433594 0.467494
0.435547 0.466701
0.4375 0.465906
0.439453 0.465109
0.441406 0.464309
0.443359 0.463508
0.445312 0.462704
0.447266 0.461898
0.449219 0.46109
0.451172 0.46028
0.453125 0.459467
0.455078 0.458653
0.457031 0.457837
0.458984 0.457018
0.460938 0.456198
0.462891 0.455376
0.464844 0.454551
0.466797 0.453725
0.46875 0.452897
0.470703 0.452066
0.472656 0.451234
0.474609 0.4504
0.476562 0.449564
0.478516 0.448726
0.480469 0.447887
0.482422 0.447045
0.484375 0.446202
0.486328 0.445357
0.488281 0.44451
0.490234 0.443661
0.492188 0.44281
0.494141 0.441958
0.496094 0.441104
0.498047 0.440249
0.5 0.439391
0.501953 0.438532
0.503906 0.437672
0.505859 0.436809
0.507812 0.435945
0.509766 0.43508
0.511719 0.434213
0.513672 0.433344
0.515625 0.432474
0.517578 0.431602
0.519531 0.430728
0.521484 0.429853
0.523438 0.428977
0.525391 0.428099
0.527344 0.42722
0.529297 0.426339
0.53125 0.425457
0.533203 0.424573
0.535156 0.423688
0.537109 0.422802
0.539062 0.421914
0.541016 0.421025
0.542969 0.420135
0.544922 0.419243
0.546875 0.41835
0.548828 0.417456
0.550781 0.41656
0.552734 0.415663
0.554688 0.414765
0.556641 0.413866
0.558594 0.412965
0.560547 0.412064
0.5625 0.411161
0.564453 0.410257
0.566406 0.409352
0.568359 0.408445
0.570312 0.407538
0.572266 0.406629
0.574219 0.40572
0.576172 0.404809
0.578125 0.403898
0.580078 0.402985
0.582031 0.402072
0.583984 0.401157
0.585938 0.400241
0.587891 0.399325
0.589844 0.398407
0.591797 0.397489
0.59375 0.396569
0.595703 0.395649
0.597656 0.394728
0.599609 0.393806
0.601562 0.392883
0.603516 0.39196
0.605469 0.391035
0.607422 0.39011
0.609375 0.389184
0.611328 0.388257
0.613281 0.38733
0.615234 0.386402
0.617188 0.385473
0.619141 0.384543
0.621094 0.383612
0.623047 0.382681
0.625 0.38175
0.626953 0.380817
0.628906 0.379885
0.630859 0.378951
0.632812 0.378017
0.634766 0.377082
0.636719 0.376147
0.638672 0.375211
0.640625 0.374275
0.642578 0.373338
0.644531 0.3724
0.646484 0.371463
0.648438 0.370524
0.650391 0.369586
0.652344 0.368646
0.654297 0.367707
0.65625 0.366767
0.658203 0.365826
0.660156 0.364886
0.662109 0.363945
0.664062 0.363003
0.666016 0.362061
0.667969 0.361119
0.669922 0.360177
0.671875 0.359234
0.673828 0.358291
0.675781 0.357348
0.677734 0.356405
0.679688 0.355461
0.681641 0.354517
0.683594 0.353573
0.685547 0.352629
0.6875 0.351684
0.689453 0.35074
0.691406 0.349795
0.693359 0.34885
0.695312 0.347905
0.697266 0.346961
0.699219 0.346015
0.701172 0.34507
0.703125 0.344125
0.705078 0.34318
0.707031 0.342235
0.708984 0.34129
0.710938 0.340344
0.712891 0.339399
0.714844 0.338454
0.716797 0.337509
0.71875 0.336564
0.720703 0.335619
0.722656 0.334674
0.724609 0.33373
0.726562 0.332785
0.728516 0.331841
0.730469 0.330897
0.732422 0.329952
0.734375 0.329009
0.736328 0.328065
0.738281 0.327121
0.740234 0.326178
0.742188 0.325235
0.744141 0.324292
0.746094 0.32335
0.748047 0.322407
0.75 0.321466
0.751953 0.320524
0.753906 0.319583
0.755859 0.318642
0.757812 0.317701
0.759766 0.316761
0.761719 0.315821
0.763672 0.314881
0.765625 0.313942
0.767578 0.313003
0.769531 0.312065
0.771484 0.311127
0.773438 0.31019
0.775391 0.309253
0.777344 0.308317
0.779297 0.307381
0.78125 0.306445
0.783203 0.30551
0.785156 0.304576
0.787109 0.303642
0.789062 0.302709
0.791016 0.301776
0.792969 0.300844
0.794922 0.299912
0.796875 0.298981
0.798828 0.298051
0.800781 0.297121
0.802734 0.296192
0.804688 0.295264
0.806641 0.294336
0.808594 0.293409
0.810547 0.292482
0.8125 0.291557
0.814453 0.290632
0.816406 0.289707
0.818359 0.288784
0.820312 0.287861
0.822266 0.286939
0.824219 0.286018
0.826172 0.285097
0.828125 0.284178
0.830078 0.283259
0.832031 0.282341
0.833984 0.281423
0.835938 0.280507
0.837891 0.279592
0.839844 0.278677
0.841797 0.277763
0.84375 0.27685
0.845703 0.275938
0.847656 0.275027
0.849609 0.274117
0.851562 0.273208
0.853516 0.272299
0.855469 0.271392
0.857422 0.270485
0.859375 0.26958
0.861328 0.268675
0.863281 0.267772
0.865234 0.26687
0.867188 0.265968
0.869141 0.265068
0.871094 0.264168
0.873047 0.26327
0.875 0.262373
0.876953 0.261476
0.878906 0.260581
0.880859 0.259687
0.882812 0.258794
0.884766 0.257902
0.886719 0.257011
0.888672 0.256122
0.890625 0.255233
0.892578 0.254346
0.894531 0.25346
0.896484 0.252574
0.898438 0.251691
0.900391 0.250808
0.902344 0.249926
0.904297 0.249046
0.90625 0.248167
0.908203 0.247289
0.910156 0.246412
0.912109 0.245537
0.914062 0.244663
0.916016 0.24379
0.917969 0.242918
0.919922 0.242048
0.921875 0.241178
0.923828 0.240311
0.925781 0.239444
0.927734 0.238579
0.929688 0.237715
0.931641 0.236852
0.933594 0.235991
0.935547 0.235131
0.9375 0.234272
0.939453 0.233415
0.941406 0.232559
0.943359 0.231705
0.945312 0.230851
0.947266 0.23
0.949219 0.229149
0.951172 0.2283
0.953125 0.227453
0.955078 0.226607
0.957031 0.225762
0.958984 0.224919
0.960938 0.224077
0.962891 0.223237
0.964844 0.222398
0.966797 0.22156
0.96875 0.220724
0.970703 0.21989
0.972656 0.219057
0.974609 0.218225
0.976562 0.217395
0.978516 0.216566
0.980469 0.215739
0.982422 0.214914
0.984375 0.21409
0.986328 0.213267
0.988281 0.212447
0.990234 0.211627
0.992188 0.210809
0.994141 0.209993
0.996094 0.209178
0.998047 0.208365
1 0.207554
1.00195 0.206744
1.00391 0.205935
1.00586 0.205129
1.00781 0.204323
1.00977 0.20352
1.01172 0.202718
1.01367 0.201918
1.01562 0.201119
1.01758 0.200322
1.01953 0.199526
1.02148 0.198733
1.02344 0.19794
1.02539 0.19715
1.02734 0.196361
1.0293 0.195574
1.03125 0.194788
1.0332 0.194005
1.03516 0.193222
1.03711 0.192442
1.03906 0.191663
1.04102 0.190886
1.04297 0.190111
1.04492 0.189337
1.04688 0.188565
1.04883 0.187795
1.05078 0.187026
1.05273 0.186259
1.05469 0.185494
1.05664 0.184731
1.05859 0.183969
1.06055 0.18321
1.0625 0.182451
1.06445 0.181695
1.06641 0.18094
1.06836 0.180188
1.07031 0.179437
1.07227 0.178687
1.07422 0.17794
1.07617 0.177194
1.07812 0.17645
1.08008 0.175708
1.08203 0.174967
1.08398 0.174229
1.08594 0.173492
1.08789 0.172757
1.08984 0.172023
1.0918 0.171292
1.09375 0.170562
1.0957 0.169835
1.09766 0.169109
1.09961 0.168384
1.10156 0.167662
1.10352 0.166942
1.10547 0.166223
1.10742 0.165506
1.10938 0.164791
1.11133 0.164078
1.11328 0.163366
1.11523 0.162657
1.11719 0.161949
1.11914 0.161243
1.12109 0.160539
1.12305 0.159837
1.125 0.159137
1.12695 0.158439
1.12891 0.157742
1.13086 0.157047
1.13281 0.156355
1.13477 0.155664
1.13672 0.154975
1.13867 0.154287
1.14062 0.153602
1.14258 0.152919
1.14453 0.152237
1.14648 0.151557
1.14844 0.15088
1.15039 0.150204
1.15234 0.14953
1.1543 0.148857
1.15625 0.148187
1.1582 0.147519
1.16016 0.146852
1.16211 0.146188
1.16406 0.145525
1.16602 0.144864
1.16797 0.144205
1.16992 0.143549
1.17188 0.142893
1.17383 0.14224
1.17578 0.141589
1.17773 0.14094
1.17969 0.140292
1.18164 0.139647
1.18359 0.139003
1.18555 0.138361
1.1875 0.137722
1.18945 0.137084
1.19141 0.136448
1.19336 0.135814
1.19531 0.135182
1.19727 0.134551
1.19922 0.133923
1.20117 0.133297
1.20312 0.132672
1.20508 0.13205
1.20703 0.131429
1.20898 0.13081
1.21094 0.130193
1.21289 0.129578
1.21484 0.128966
1.2168 0.128354
1.21875 0.127745
1.2207 0.127138
1.22266 0.126533
1.22461 0.125929
1.22656 0.125328
1.22852 0.124729
1.23047 0.124131
1.23242 0.123535
1.23438 0.122942
1.23633 0.12235
1.23828 0.12176
1.24023 0.121172
1.24219 0.120586
1.24414 0.120002
1.24609 0.119419
1.24805 0.118839
1.25 0.118261
1.25195 0.117684
1.25391 0.11711
1.25586 0.116537
1.25781 0.115966
1.25977 0.115397
1.26172 0.11483
1.26367 0.114265
1.26562 0.113702
1.26758 0.113141
1.26953 0.112582
1.27148 0.112025
1.27344 0.111469
1.27539 0.110916
1.27734 0.110364
1.2793 0.109814
1.28125 0.109266
1.2832 0.10872
1.28516 0.108176
1.28711 0.107634
1.28906 0.107094
1.29102 0.106556
1.29297 0.106019
1.29492 0.105485
1.29688 0.104952
1.29883 0.104422
1.30078 0.103893
1.30273 0.103366
1.30469 0.102841
1.30664 0.102317
1.30859 0.101796
1.31055 0.101277
1.3125 0.100759
1.31445 0.100244
1.31641 0.0997298
1.31836 0.0992179
1.32031 0.0987079
1.32227 0.0981998
1.32422 0.0976935
1.32617 0.0971891
1.32812 0.0966866
1.33008 0.0961859
1.33203 0.0956871
1.33398 0.0951901
1.33594 0.094695
1.33789 0.0942018
1.33984 0.0937104
1.3418 0.0932209
1.34375 0.0927332
1.3457 0.0922473
1.34766 0.0917633
1.34961 0.0912812
1.35156 0.0908009
1.35352 0.0903224
1.35547 0.0898458
1.35742 0.089371
1.35938 0.088898
1.36133 0.0884269
1.36328 0.0879576
1.36523 0.0874901
1.36719 0.0870244
1.36914 0.0865606
1.37109 0.0860985
1.37305 0.0856383
1.375 0.0851799
1.37695 0.0847233
1.37891 0.0842685
1.38086 0.0838155
1.38281 0.0833643
1.38477 0.0829149
1.38672 0.0824673
1.38867 0.0820214
1.39062 0.0815774
1.39258 0.0811352
1.39453 0.0806947
1.39648 0.080256
1.39844 0.0798191
1.40039 0.079384
1.40234 0.0789506
1.4043 0.078519
1.40625 0.0780892
1.4082 0.0776611
1.41016 0.0772348
1.41211 0.0768102
1.41406 0.0763874
1.41602 0.0759663
1.41797 0.075547
1.41992 0.0751294
1.42188 0.0747136
1.42383 0.0742995
1.42578 0.0738871
1.42773 0.0734764
1.42969 0.0730675
1.43164 0.0726603
1.43359 0.0722548
1.43555 0.0718511
1.4375 0.071449
1.43945 0.0710487
1.44141 0.07065
1.44336 0.0702531
1.44531 0.0698578
1.44727 0.0694643
1.44922 0.0690724
1.45117 0.0686822
1.45312 0.0682937
1.45508 0.0679069
1.45703 0.0675218
1.45898 0.0671383
1.46094 0.0667565
1.46289 0.0663764
1.46484 0.0659979
1.4668 0.0656211
1.46875 0.0652459
1.4707 0.0648724
1.47266 0.0645006
1.47461 0.0641303
1.47656 0.0637618
1.47852 0.0633948
1.48047 0.0630295
1.48242 0.0626658
1.48438 0.0623037
1.48633 0.0619433
1.48828 0.0615844
1.49023 0.0612272
1.49219 0.0608716
1.49414 0.0605176
1.49609 0.0601652
1.49805 0.0598144
1.5 0.0594651
1.50195 0.0591175
1.50391 0.0587715
1.50586 0.058427
1.50781 0.0580841
1.50977 0.0577428
1.51172 0.057403
1.51367 0.0570648
1.51562 0.0567282
1.51758 0.0563931
1.51953 0.0560596
1.52148 0.0557276
1.52344 0.0553972
1.52539 0.0550683
1.52734 0.0547409
1.5293 0.0544151
1.53125 0.0540908
1.5332 0.053768
1.53516 0.0534467
1.53711 0.053127
1.53906 0.0528088
1.54102 0.052492
1.54297 0.0521768
1.54492 0.0518631
1.54688 0.0515508
1.54883 0.0512401
1.55078 0.0509308
1.55273 0.050623
1.55469 0.0503167
1.55664 0.0500119
1.55859 0.0497085
1.56055 0.0494066
1.5625 0.0491061
1.56445 0.0488071
1.56641 0.0485096
1.56836 0.0482135
1.57031 0.0479189
1.57227 0.0476256
1.57422 0.0473338
1.57617 0.0470435
1.57812 0.0467546
1.58008 0.046467
1.58203 0.046181
1.58398 0.0458963
1.58594 0.045613
1.58789 0.0453311
1.58984 0.0450506
1.5918 0.0447716
1.59375 0.0444939
1.5957 0.0442176
1.59766 0.0439426
1.59961 0.0436691
1.60156 0.0433969
1.60352 0.0431261
1.60547 0.0428566
1.60742 0.0425885
1.60938 0.0423218
1.61133 0.0420564
1.61328 0.0417924
1.61523 0.0415297
1.61719 0.0412683
1.61914 0.0410083
1.62109 0.0407496
1.62305 0.0404922
1.625 0.0402361
1.62695 0.0399814
1.62891 0.0397279
1.63086 0.0394758
1.63281 0.039225
1.63477 0.0389754
1.63672 0.0387272
1.63867 0.0384802
1.64062 0.0382346
1.64258 0.0379902
1.64453 0.037747
1.64648 0.0375052
1.64844 0.0372646
1.65039 0.0370253
1.65234 0.0367872
1.6543 0.0365504
1.65625 0.0363148
1.6582 0.0360805
1.66016 0.0358474
1.66211 0.0356156
1.66406 0.0353849
1.66602 0.0351555
1.66797 0.0349274
1.66992 0.0347004
1.67188 0.0344747
1.67383 0.0342501
1.67578 0.0340268
1.67773 0.0338046
1.67969 0.0335837
1.68164 0.0333639
1.68359 0.0331453
1.68555 0.032928
1.6875 0.0327117
1.68945 0.0324967
1.69141 0.0322828
1.69336 0.0320701
1.69531 0.0318586
1.69727 0.0316482
1.69922 0.0314389
1.70117 0.0312308
1.70312 0.0310238
1.70508 0.030818
1.70703 0.0306133
1.70898 0.0304097
1.71094 0.0302073
1.71289 0.030006
1.71484 0.0298057
1.7168 0.0296066
1.71875 0.0294086
1.7207 0.0292118
1.72266 0.029016
1.72461 0.0288212
1.72656 0.0286276
1.72852 0.0284351
1.73047 0.0282436
1.73242 0.0280533
1.73438 0.0278639
1.73633 0.0276757
1.73828 0.0274885
1.74023 0.0273024
1.74219 0.0271173
1.74414 0.0269333
1.74609 0.0267503
1.74805 0.0265684
1.75 0.0263875
1.75195 0.0262076
1.75391 0.0260288
1.75586 0.025851
1.75781 0.0256742
1.75977 0.0254984
1.76172 0.0253236
1.76367 0.0251498
1.76562 0.0249771
1.76758 0.0248053
1.76953 0.0246345
1.77148 0.0244648
1.77344 0.024296
1.77539 0.0241281
1.77734 0.0239613
1.7793 0.0237954
1.78125 0.0236305
1.7832 0.0234666
1.78516 0.0233036
1.78711 0.0231416
1.78906 0.0229805
1.79102 0.0228204
1.79297 0.0226612
1.79492 0.0225029
1.79688 0.0223456
1.79883 0.0221892
1.80078 0.0220338
1.80273 0.0218793
1.80469 0.0217256
1.80664 0.0215729
1.80859 0.0214212
1.81055 0.0212703
1.8125 0.0211203
1.81445 0.0209712
1.81641 0.020823
1.81836 0.0206757
1.82031 0.0205293
1.82227 0.0203838
1.82422 0.0202391
1.82617 0.0200953
1.82812 0.0199524
1.83008 0.0198103
1.83203 0.0196692
1.83398 0.0195288
1.83594 0.0193893
1.83789 0.0192507
1.83984 0.0191129
1.8418 0.018976
1.84375 0.0188399
1.8457 0.0187046
1.84766 0.0185702
1.84961 0.0184366
1.85156 0.0183038
1.85352 0.0181718
1.85547 0.0180406
1.85742 0.0179103
1.85938 0.0177807
1.86133 0.017652
1.86328 0.017524
1.86523 0.0173969
1.86719 0.0172705
1.86914 0.0171449
1.87109 0.0170202
1.87305 0.0168961
1.875 0.0167729
1.87695 0.0166505
1.87891 0.0165288
1.88086 0.0164078
1.88281 0.0162877
1.88477 0.0161682
1.88672 0.0160496
1.88867 0.0159317
1.89062 0.0158145
1.89258 0.0156981
1.89453 0.0155824
1.89648 0.0154674
1.89844 0.0153532
1.90039 0.0152397
1.90234 0.015127
1.9043 0.0150149
1.90625 0.0149036
1.9082 0.014793
1.91016 0.014683
1.91211 0.0145738
1.91406 0.0144653
1.91602 0.0143575
1.91797 0.0142504
1.91992 0.014144
1.92188 0.0140383
1.92383 0.0139332
1.92578 0.0138288
1.92773 0.0137252
1.92969 0.0136221
1.93164 0.0135198
1.93359 0.0134181
1.93555 0.0133171
1.9375 0.0132167
1.93945 0.013117
1.94141 0.013018
1.94336 0.0129196
1.94531 0.0128218
1.94727 0.0127247
1.94922 0.0126283
1.95117 0.0125324
1.95312 0.0124372
1.95508 0.0123426
1.95703 0.0122487
1.95898 0.0121554
1.96094 0.0120627
1.96289 0.0119706
1.96484 0.0118791
1.9668 0.0117882
1.96875 0.011698
1.9707 0.0116083
1.97266 0.0115192
1.97461 0.0114308
1.97656 0.0113429
1.97852 0.0112556
1.98047 0.0111689
1.98242 0.0110828
1.98438 0.0109973
1.98633 0.0109123
1.98828 0.0108279
1.99023 0.0107441
1.99219 0.0106609
1.99414 0.0105782
1.99609 0.0104961
1.99805 0.0104145
2 0.0103335
2.00195 0.010253
2.00391 0.0101731
2.00586 0.0100938
2.00781 0.010015
2.00977 0.00993668
2.01172 0.00985893
2.01367 0.00978173
2.01562 0.00970505
2.01758 0.0096289
2.01953 0.00955327
2.02148 0.00947817
2.02344 0.00940359
2.02539 0.00932952
2.02734 0.00925596
2.0293 0.00918291
2.03125 0.00911037
2.0332 0.00903834
2.03516 0.0089668
2.03711 0.00889577
2.03906 0.00882523
2.04102 0.00875518
2.04297 0.00868562
2.04492 0.00861655
2.04688 0.00854796
2.04883 0.00847986
2.05078 0.00841223
2.05273 0.00834508
2.05469 0.0082784
2.05664 0.00821219
2.05859 0.00814645
2.06055 0.00808117
2.0625 0.00801636
2.06445 0.007952
2.06641 0.0078881
2.06836 0.00782466
2.07031 0.00776166
2.07227 0.00769912
2.07422 0.00763702
2.07617 0.00757536
2.07812 0.00751414
2.08008 0.00745336
2.08203 0.00739302
2.08398 0.00733311
2.08594 0.00727363
2.08789 0.00721457
2.08984 0.00715594
2.0918 0.00709774
2.09375 0.00703995
2.0957 0.00698258
2.09766 0.00692563
2.09961 0.00686908
2.10156 0.00681295
2.10352 0.00675723
2.10547 0.0067019
2.10742 0.00664699
2.10938 0.00659247
2.11133 0.00653834
2.11328 0.00648462
2.11523 0.00643128
2.11719 0.00637834
2.11914 0.00632578
2.12109 0.00627361
2.12305 0.00622182
2.125 0.00617041
2.12695 0.00611938
2.12891 0.00606872
2.13086 0.00601844
2.13281 0.00596853
2.13477 0.00591899
2.13672 0.00586982
2.13867 0.00582101
2.14062 0.00577256
2.14258 0.00572447
2.14453 0.00567673
2.14648 0.00562936
2.14844 0.00558233
2.15039 0.00553566
2.15234 0.00548933
2.1543 0.00544335
2.15625 0.00539772
2.1582 0.00535242
2.16016 0.00530747
2.16211 0.00526285
2.16406 0.00521857
2.16602 0.00517462
2.16797 0.00513101
2.16992 0.00508772
2.17188 0.00504476
2.17383 0.00500212
2.17578 0.0049598
2.17773 0.00491781
2.17969 0.00487613
2.18164 0.00483477
2.18359 0.00479373
2.18555 0.004753
2.1875 0.00471257
2.18945 0.00467246
2.19141 0.00463265
2.19336 0.00459315
2.19531 0.00455394
2.19727 0.00451504
2.19922 0.00447644
2.20117 0.00443813
2.20312 0.00440011
2.20508 0.00436239
2.20703 0.00432496
2.20898 0.00428782
2.21094 0.00425096
2.21289 0.00421439
2.21484 0.0041781
2.2168 0.0041421
2.21875 0.00410637
2.2207 0.00407092
2.22266 0.00403574
2.22461 0.00400084
2.22656 0.00396621
2.22852 0.00393184
2.23047 0.00389775
2.23242 0.00386392
2.23438 0.00383036
2.23633 0.00379706
2.23828 0.00376402
2.24023 0.00373124
2.24219 0.00369872
2.24414 0.00366645
2.24609 0.00363443
2.24805 0.00360267
2.25 0.00357116
2.25195 0.0035399
2.25391 0.00350888
2.25586 0.00347811
2.25781 0.00344758
2.25977 0.0034173
2.26172 0.00338725
2.26367 0.00335744
2.26562 0.00332787
2.26758 0.00329854
2.26953 0.00326944
2.27148 0.00324057
2.27344 0.00321193
2.27539 0.00318352
2.27734 0.00315534
2.2793 0.00312738
2.28125 0.00309965
2.2832 0.00307214
2.28516 0.00304485
2.28711 0.00301778
2.28906 0.00299093
2.29102 0.00296429
2.29297 0.00293787
2.29492 0.00291166
2.29688 0.00288567
2.29883 0.00285988
2.30078 0.0028343
2.30273 0.00280893
2.30469 0.00278377
2.30664 0.00275881
2.30859 0.00273405
2.31055 0.0027095
2.3125 0.00268514
2.31445 0.00266099
2.31641 0.00263703
2.31836 0.00261326
2.32031 0.0025897
2.32227 0.00256632
2.32422 0.00254313
2.32617 0.00252014
2.32812 0.00249734
2.33008 0.00247472
2.33203 0.00245229
2.33398 0.00243004
2.33594 0.00240798
2.33789 0.00238609
2.33984 0.00236439
2.3418 0.00234287
2.34375 0.00232153
2.3457 0.00230036
2.34766 0.00227937
2.34961 0.00225856
2.35156 0.00223791
2.35352 0.00221744
2.35547 0.00219714
2.35742 0.00217701
2.35938 0.00215705
2.36133 0.00213725
2.36328 0.00211762
2.36523 0.00209815
2.36719 0.00207885
2.36914 0.00205971
2.37109 0.00204072
2.37305 0.0020219
2.375 0.00200324
2.37695 0.00198473
2.37891 0.00196638
2.38086 0.00194819
2.38281 0.00193014
2.38477 0.00191226
2.38672 0.00189452
2.38867 0.00187693
2.39062 0.00185949
2.39258 0.0018422
2.39453 0.00182506
2.39648 0.00180806
2.39844 0.0017912
2.40039 0.00177449
2.40234 0.00175793
2.4043 0.0017415
2.40625 0.00172521
2.4082 0.00170907
2.41016 0.00169306
2.41211 0.00167719
2.41406 0.00166145
2.41602 0.00164585
2.41797 0.00163039
2.41992 0.00161505
2.42188 0.00159985
2.42383 0.00158478
2.42578 0.00156984
2.42773 0.00155503
2.42969 0.00154035
2.43164 0.00152579
2.43359 0.00151136
2.43555 0.00149706
2.4375 0.00148288
2.43945 0.00146882
2.44141 0.00145488
2.44336 0.00144107
2.44531 0.00142738
2.44727 0.0014138
2.44922 0.00140034
2.45117 0.00138701
2.45312 0.00137378
2.45508 0.00136068
2.45703 0.00134768
2.45898 0.00133481
2.46094 0.00132204
2.46289 0.00130939
2.46484 0.00129685
2.4668 0.00128442
2.46875 0.00127209
2.4707 0.00125988
2.47266 0.00124777
2.47461 0.00123578
2.47656 0.00122388
2.47852 0.0012121
2.48047 0.00120041
2.48242 0.00118883
2.48438 0.00117736
2.48633 0.00116598
2.48828 0.00115471
2.49023 0.00114353
2.49219 0.00113246
2.49414 0.00112148
2.49609 0.00111061
2.49805 0.00109983
2.5 0.00108914
2.50195 0.00107855
2.50391 0.00106806
2.50586 0.00105766
2.50781 0.00104735
2.50977 0.00103714
2.51172 0.00102702
2.51367 0.00101699
2.51562 0.00100705
2.51758 0.000997195
2.51953 0.000987432
2.52148 0.000977758
2.52344 0.000968171
2.52539 0.000958671
2.52734 0.000949257
2.5293 0.000939928
2.53125 0.000930683
2.5332 0.000921523
2.53516 0.000912446
2.53711 0.000903451
2.53906 0.000894538
2.54102 0.000885706
2.54297 0.000876955
2.54492 0.000868283
2.54688 0.000859691
2.54883 0.000851178
2.55078 0.000842742
2.55273 0.000834383
2.55469 0.000826101
2.55664 0.000817895
2.55859 0.000809765
2.56055 0.000801709
2.5625 0.000793727
2.56445 0.000785818
2.56641 0.000777983
2.56836 0.00077022
2.57031 0.000762528
2.57227 0.000754907
2.57422 0.000747357
2.57617 0.000739877
2.57812 0.000732466
2.58008 0.000725124
2.58203 0.00071785
2.58398 0.000710643
2.58594 0.000703504
2.58789 0.00069643
2.58984 0.000689423
2.5918 0.000682481
2.59375 0.000675604
2.5957 0.000668791
2.59766 0.000662041
2.59961 0.000655355
2.60156 0.000648731
2.60352 0.000642169
2.60547 0.000635669
2.60742 0.00062923
2.60938 0.000622851
2.61133 0.000616533
2.61328 0.000610273
2.61523 0.000604073
2.61719 0.000597931
2.61914 0.000591847
2.62109 0.00058582
2.62305 0.000579851
2.625 0.000573938
2.62695 0.00056808
2.62891 0.000562279
2.63086 0.000556532
2.63281 0.00055084
2.63477 0.000545202
2.63672 0.000539617
2.63867 0.000534086
2.64062 0.000528607
2.64258 0.00052318
2.64453 0.000517806
2.64648 0.000512482
2.64844 0.00050721
2.65039 0.000501987
2.65234 0.000496815
2.6543 0.000491693
2.65625 0.000486619
2.6582 0.000481594
2.66016 0.000476618
2.66211 0.000471689
2.66406 0.000466807
2.66602 0.000461973
2.66797 0.000457185
2.66992 0.000452443
2.67188 0.000447748
2.67383 0.000443097
2.67578 0.000438491
2.67773 0.00043393
2.67969 0.000429414
2.68164 0.000424941
2.68359 0.000420511
2.68555 0.000416124
2.6875 0.00041178
2.68945 0.000407478
2.69141 0.000403218
2.69336 0.000399
2.69531 0.000394822
2.69727 0.000390686
2.69922 0.00038659
2.70117 0.000382533
2.70312 0.000378517
2.70508 0.00037454
2.70703 0.000370602
2.70898 0.000366702
2.71094 0.000362841
2.71289 0.000359017
2.71484 0.000355231
2.7168 0.000351483
2.71875 0.000347771
2.7207 0.000344096
2.72266 0.000340457
2.72461 0.000336854
2.72656 0.000333287
2.72852 0.000329754
2.73047 0.000326257
2.73242 0.000322795
2.73438 0.000319366
2.73633 0.000315972
2.73828 0.000312612
2.74023 0.000309284
2.74219 0.00030599
2.74414 0.000302729
2.74609 0.0002995
2.74805 0.000296303
2.75 0.000293139
2.75195 0.000290005
2.75391 0.000286904
2.75586 0.000283833
2.75781 0.000280792
2.75977 0.000277783
2.76172 0.000274803
2.76367 0.000271854
2.76562 0.000268933
2.76758 0.000266043
2.76953 0.000263181
2.77148 0.000260348
2.77344 0.000257544
2.77539 0.000254768
2.77734 0.00025202
2.7793 0.000249299
2.78125 0.000246607
2.7832 0.000243941
2.78516 0.000241302
2.78711 0.00023869
2.78906 0.000236105
2.79102 0.000233546
2.79297 0.000231012
2.79492 0.000228505
2.79688 0.000226023
2.79883 0.000223566
2.80078 0.000221134
2.80273 0.000218727
2.80469 0.000216345
2.80664 0.000213987
2.80859 0.000211653
2.81055 0.000209343
2.8125 0.000207056
2.81445 0.000204793
2.81641 0.000202553
2.81836 0.000200336
2.82031 0.000198142
2.82227 0.00019597
2.82422 0.000193821
2.82617 0.000191694
2.82812 0.000189588
2.83008 0.000187505
2.83203 0.000185442
2.83398 0.000183402
2.83594 0.000181382
2.83789 0.000179383
2.83984 0.000177405
2.8418 0.000175447
2.84375 0.000173509
2.8457 0.000171592
2.84766 0.000169694
2.84961 0.000167817
2.85156 0.000165958
2.85352 0.000164119
2.85547 0.0001623
2.85742 0.000160499
2.85938 0.000158717
2.86133 0.000156953
2.86328 0.000155208
2.86523 0.000153481
2.86719 0.000151772
2.86914 0.000150081
2.87109 0.000148408
2.87305 0.000146752
2.875 0.000145114
2.87695 0.000143493
2.87891 0.000141889
2.88086 0.000140302
2.88281 0.000138731
2.88477 0.000137177
2.88672 0.000135639
2.88867 0.000134118
2.89062 0.000132613
2.89258 0.000131123
2.89453 0.000129649
2.89648 0.000128191
2.89844 0.000126749
2.90039 0.000125321
2.90234 0.000123909
2.9043 0.000122512
2.90625 0.000121129
2.9082 0.000119761
2.91016 0.000118408
2.91211 0.000117069
2.91406 0.000115745
2.91602 0.000114434
2.91797 0.000113138
2.91992 0.000111855
2.92188 0.000110586
2.92383 0.00010933
2.92578 0.000108088
2.92773 0.00010686
2.92969 0.000105644
2.93164 0.000104442
2.93359 0.000103252
2.93555 0.000102075
2.9375 0.000100911
2.93945 9.97594e-05
2.94141 9.86201e-05
2.94336 9.74931e-05
2.94531 9.63782e-05
2.94727 9.52753e-05
2.94922 9.41844e-05
2.95117 9.31052e-05
2.95312 9.20377e-05
2.95508 9.09817e-05
2.95703 8.99372e-05
2.95898 8.8904e-05
2.96094 8.7882e-05
2.96289 8.6871e-05
2.96484 8.58711e-05
2.9668 8.4882e-05
2.96875 8.39036e-05
2.9707 8.29359e-05
2.97266 8.19788e-05
2.97461 8.1032e-05
2.97656 8.00956e-05
2.97852 7.91694e-05
2.98047 7.82534e-05
2.98242 7.73473e-05
2.98438 7.64511e-05
2.98633 7.55648e-05
2.98828 7.46881e-05
2.99023 7.38211e-05
2.99219 7.29635e-05
2.99414 7.21154e-05
2.99609 7.12766e-05
2.99805 7.0447e-05
3 6.96265e-05
3.00195 6.88151e-05
3.00391 6.80126e-05
3.00586 6.72189e-05
3.00781 6.6434e-05
3.00977 6.56578e-05
3.01172 6.48901e-05
3.01367 6.4131e-05
3.01562 6.33802e-05
3.01758 6.26377e-05
3.01953 6.19035e-05
3.02148 6.11774e-05
3.02344 6.04594e-05
3.02539 5.97493e-05
3.02734 5.90471e-05
3.0293 5.83527e-05
3.03125 5.76661e-05
3.0332 5.69871e-05
3.03516 5.63156e-05
3.03711 5.56517e-05
3.03906 5.49951e-05
3.04102 5.43459e-05
3.04297 5.3704e-05
3.04492 5.30692e-05
3.04688 5.24415e-05
3.04883 5.18209e-05
3.05078 5.12072e-05
3.05273 5.06003e-05
3.05469 5.00003e-05
3.05664 4.94071e-05
3.05859 4.88205e-05
3.06055 4.82405e-05
3.0625 4.7667e-05
3.06445 4.71e-05
3.06641 4.65394e-05
3.06836 4.59851e-05
3.07031 4.5437e-05
3.07227 4.48951e-05
3.07422 4.43594e-05
3.07617 4.38297e-05
3.07812 4.3306e-05
3.08008 4.27883e-05
3.08203 4.22764e-05
3.08398 4.17703e-05
3.08594 4.127e-05
3.08789 4.07753e-05
3.08984 4.02863e-05
3.0918 3.98028e-05
3.09375 3.93248e-05
3.0957 3.88523e-05
3.09766 3.83852e-05
3.09961 3.79234e-05
3.10156 3.74668e-05
3.10352 3.70155e-05
3.10547 3.65693e-05
3.10742 3.61282e-05
3.10938 3.56922e-05
3.11133 3.52612e-05
3.11328 3.48351e-05
3.11523 3.44139e-05
3.11719 3.39975e-05
3.11914 3.35859e-05
3.12109 3.31791e-05
3.12305 3.27769e-05
3.125 3.23793e-05
3.12695 3.19864e-05
3.12891 3.15979e-05
3.13086 3.1214e-05
3.13281 3.08344e-05
3.13477 3.04593e-05
3.13672 3.00884e-05
3.13867 2.97219e-05
3.14062 2.93596e-05
3.14258 2.90015e-05
3.14453 2.86476e-05
3.14648 2.82977e-05
3.14844 2.79519e-05
3.15039 2.76102e-05
3.15234 2.72724e-05
3.1543 2.69385e-05
3.15625 2.66085e-05
3.1582 2.62824e-05
3.16016 2.596e-05
3.16211 2.56414e-05
3.16406 2.53266e-05
3.16602 2.50154e-05
3.16797 2.47078e-05
3.16992 2.44039e-05
3.17188 2.41034e-05
3.17383 2.38065e-05
3.17578 2.35131e-05
3.17773 2.32232e-05
3.17969 2.29366e-05
3.18164 2.26534e-05
3.18359 2.23735e-05
3.18555 2.20969e-05
3.1875 2.18235e-05
3.18945 2.15534e-05
3.19141 2.12865e-05
3.19336 2.10227e-05
3.19531 2.0762e-05
3.19727 2.05044e-05
3.19922 2.02498e-05
3.20117 1.99982e-05
3.20312 1.97497e-05
3.20508 1.9504e-05
3.20703 1.92613e-05
3.20898 1.90214e-05
3.21094 1.87844e-05
3.21289 1.85502e-05
3.21484 1.83188e-05
3.2168 1.80901e-05
3.21875 1.78641e-05
3.2207 1.76408e-05
3.22266 1.74202e-05
3.22461 1.72022e-05
3.22656 1.69869e-05
3.22852 1.6774e-05
3.23047 1.65638e-05
3.23242 1.6356e-05
3.23438 1.61507e-05
3.23633 1.59479e-05
3.23828 1.57475e-05
3.24023 1.55495e-05
3.24219 1.53538e-05
3.24414 1.51606e-05
3.24609 1.49696e-05
3.24805 1.47809e-05
3.25 1.45945e-05
3.25195 1.44103e-05
3.25391 1.42284e-05
3.25586 1.40486e-05
3.25781 1.3871e-05
3.25977 1.36956e-05
3.26172 1.35222e-05
3.26367 1.3351e-05
3.26562 1.31818e-05
3.26758 1.30147e-05
3.26953 1.28496e-05
3.27148 1.26865e-05
3.27344 1.25253e-05
3.27539 1.23661e-05
3.27734 1.22089e-05
3.2793 1.20535e-05
3.28125 1.19001e-05
3.2832 1.17485e-05
3.28516 1.15987e-05
3.28711 1.14508e-05
3.28906 1.13046e-05
3.29102 1.11603e-05
3.29297 1.10177e-05
3.29492 1.08768e-05
3.29688 1.07377e-05
3.29883 1.06003e-05
3.30078 1.04645e-05
3.30273 1.03304e-05
3.30469 1.01979e-05
3.30664 1.00671e-05
3.30859 9.93787e-06
3.31055 9.81022e-06
3.3125 9.68414e-06
3.31445 9.5596e-06
3.31641 9.43659e-06
3.31836 9.3151e-06
3.32031 9.1951e-06
3.32227 9.07657e-06
3.32422 8.95951e-06
3.32617 8.84389e-06
3.32812 8.72969e-06
3.33008 8.6169e-06
3.33203 8.5055e-06
3.33398 8.39548e-06
3.33594 8.28682e-06
3.33789 8.17951e-06
3.33984 8.07352e-06
3.3418 7.96884e-06
3.34375 7.86546e-06
3.3457 7.76337e-06
3.34766 7.66254e-06
3.34961 7.56296e-06
3.35156 7.46462e-06
3.35352 7.3675e-06
3.35547 7.27159e-06
3.35742 7.17687e-06
3.35938 7.08334e-06
3.36133 6.99097e-06
3.36328 6.89975e-06
3.36523 6.80967e-06
3.36719 6.72071e-06
3.36914 6.63287e-06
3.37109 6.54612e-06
3.37305 6.46046e-06
3.375 6.37587e-06
3.37695 6.29234e-06
3.37891 6.20986e-06
3.38086 6.12841e-06
3.38281 6.04799e-06
3.38477 5.96857e-06
3.38672 5.89015e-06
3.38867 5.81272e-06
3.39062 5.73626e-06
3.39258 5.66077e-06
3.39453 5.58622e-06
3.39648 5.51262e-06
3.39844 5.43994e-06
3.40039 5.36818e-06
3.40234 5.29733e-06
3.4043 5.22737e-06
3.40625 5.1583e-06
3.4082 5.0901e-06
3.41016 5.02276e-06
3.41211 4.95628e-06
3.41406 4.89064e-06
3.41602 4.82583e-06
3.41797 4.76185e-06
3.41992 4.69867e-06
3.42188 4.6363e-06
3.42383 4.57472e-06
3.42578 4.51393e-06
3.42773 4.45391e-06
3.42969 4.39466e-06
3.43164 4.33616e-06
3.43359 4.2784e-06
3.43555 4.22139e-06
3.4375 4.1651e-06
3.43945 4.10953e-06
3.44141 4.05467e-06
3.44336 4.00051e-06
3.44531 3.94705e-06
3.44727 3.89427e-06
3.44922 3.84216e-06
3.45117 3.79073e-06
3.45312 3.73995e-06
3.45508 3.68983e-06
3.45703 3.64035e-06
3.45898 3.59151e-06
3.46094 3.5433e-06
3.46289 3.4957e-06
3.46484 3.44872e-06
3.4668 3.40235e-06
3.46875 3.35657e-06
3.4707 3.31138e-06
3.47266 3.26678e-06
3.47461 3.22275e-06
3.47656 3.17929e-06
3.47852 3.1364e-06
3.48047 3.09406e-06
3.48242 3.05226e-06
3.48438 3.01101e-06
3.48633 2.9703e-06
3.48828 2.93011e-06
3.49023 2.89044e-06
3.49219 2.85129e-06
3.49414 2.81265e-06
3.49609 2.77451e-06
3.49805 2.73687e-06
3.5 2.69971e-06
3.50195 2.66304e-06
3.50391 2.62685e-06
3.50586 2.59113e-06
3.50781 2.55588e-06
3.50977 2.52109e-06
3.51172 2.48675e-06
3.51367 2.45286e-06
3.51562 2.41942e-06
3.51758 2.38641e-06
3.51953 2.35383e-06
3.52148 2.32169e-06
3.52344 2.28996e-06
3.52539 2.25865e-06
3.52734 2.22775e-06
3.5293 2.19726e-06
3.53125 2.16716e-06
3.5332 2.13747e-06
3.53516 2.10816e-06
3.53711 2.07924e-06
3.53906 2.0507e-06
3.54102 2.02254e-06
3.54297 1.99475e-06
3.54492 1.96732e-06
3.54688 1.94026e-06
3.54883 1.91356e-06
3.55078 1.88721e-06
3.55273 1.8612e-06
3.55469 1.83555e-06
3.55664 1.81023e-06
3.55859 1.78525e-06
3.56055 1.76059e-06
3.5625 1.73627e-06
3.56445 1.71227e-06
3.56641 1.68859e-06
3.56836 1.66522e-06
3.57031 1.64216e-06
3.57227 1.61941e-06
3.57422 1.59697e-06
3.57617 1.57482e-06
3.57812 1.55297e-06
3.58008 1.53141e-06
3.58203 1.51013e-06
3.58398 1.48914e-06
3.58594 1.46844e-06
3.58789 1.448e-06
3.58984 1.42785e-06
3.5918 1.40796e-06
3.59375 1.38834e-06
3.5957 1.36898e-06
3.59766 1.34988e-06
3.59961 1.33104e-06
3.60156 1.31245e-06
3.60352 1.29411e-06
3.60547 1.27601e-06
3.60742 1.25816e-06
3.60938 1.24055e-06
3.61133 1.22318e-06
3.61328 1.20604e-06
3.61523 1.18913e-06
3.61719 1.17246e-06
3.61914 1.156e-06
3.62109 1.13977e-06
3.62305 1.12376e-06
3.625 1.10796e-06
3.62695 1.09238e-06
3.62891 1.07701e-06
3.63086 1.06184e-06
3.63281 1.04688e-06
3.63477 1.03213e-06
3.63672 1.01758e-06
3.63867 1.00322e-06
3.64062 9.89056e-07
3.64258 9.75086e-07
3.64453 9.61306e-07
3.64648 9.47714e-07
3.64844 9.34307e-07
3.65039 9.21082e-07
3.65234 9.08038e-07
3.6543 8.95171e-07
3.65625 8.82481e-07
3.6582 8.69963e-07
3.66016 8.57617e-07
3.66211 8.45439e-07
3.66406 8.33428e-07
3.66602 8.21581e-07
3.66797 8.09896e-07
3.66992 7.98372e-07
3.67188 7.87005e-07
3.67383 7.75795e-07
3.67578 7.64738e-07
3.67773 7.53833e-07
3.67969 7.43078e-07
3.68164 7.32471e-07
3.68359 7.22009e-07
3.68555 7.11692e-07
3.6875 7.01517e-07
3.68945 6.91482e-07
3.69141 6.81585e-07
3.69336 6.71825e-07
3.69531 6.62199e-07
3.69727 6.52707e-07
3.69922 6.43345e-07
3.70117 6.34113e-07
3.70312 6.25009e-07
3.70508 6.16031e-07
3.70703 6.07177e-07
3.70898 5.98446e-07
3.71094 5.89836e-07
3.71289 5.81345e-07
3.71484 5.72972e-07
3.7168 5.64715e-07
3.71875 5.56574e-07
3.7207 5.48545e-07
3.72266 5.40628e-07
3.72461 5.32821e-07
3.72656 5.25123e-07
3.72852 5.17532e-07
3.73047 5.10047e-07
3.73242 5.02667e-07
3.73438 4.95389e-07
3.73633 4.88214e-07
3.73828 4.81138e-07
3.74023 4.74161e-07
3.74219 4.67282e-07
3.74414 4.605e-07
3.74609 4.53812e-07
3.74805 4.47218e-07
3.75 4.40716e-07
3.75195 4.34306e-07
3.75391 4.27985e-07
3.75586 4.21754e-07
3.75781 4.15609e-07
3.75977 4.09552e-07
3.76172 4.03579e-07
3.76367 3.97691e-07
3.76562 3.91885e-07
3.76758 3.86162e-07
3.76953 3.80519e-07
3.77148 3.74955e-07
3.77344 3.6947e-07
3.77539 3.64063e-07
3.77734 3.58732e-07
3.7793 3.53476e-07
3.78125 3.48295e-07
3.7832 3.43187e-07
3.78516 3.38151e-07
3.78711 3.33187e-07
3.78906 3.28293e-07
3.79102 3.23468e-07
3.79297 3.18712e-07
3.79492 3.14024e-07
3.79688 3.09402e-07
3.79883 3.04846e-07
3.80078 3.00354e-07
3.80273 2.95927e-07
3.80469 2.91562e-07
3.80664 2.8726e-07
3.80859 2.83019e-07
3.81055 2.78839e-07
3.8125 2.74718e-07
3.81445 2.70656e-07
3.81641 2.66652e-07
3.81836 2.62705e-07
3.82031 2.58815e-07
3.82227 2.5498e-07
3.82422 2.51201e-07
3.82617 2.47475e-07
3.82812 2.43803e-07
3.83008 2.40183e-07
3.83203 2.36616e-07
3.83398 2.33099e-07
3.83594 2.29633e-07
3.83789 2.26217e-07
3.83984 2.2285e-07
3.8418 2.19532e-07
3.84375 2.16261e-07
3.8457 2.13038e-07
3.84766 2.0986e-07
3.84961 2.06729e-07
3.85156 2.03643e-07
3.85352 2.00601e-07
3.85547 1.97603e-07
3.85742 1.94649e-07
3.85938 1.91737e-07
3.86133 1.88868e-07
3.86328 1.86039e-07
3.86523 1.83252e-07
3.86719 1.80506e-07
3.86914 1.77799e-07
3.87109 1.75131e-07
3.87305 1.72502e-07
3.875 1.69911e-07
3.87695 1.67358e-07
3.87891 1.64842e-07
3.88086 1.62362e-07
3.88281 1.59919e-07
3.88477 1.57511e-07
3.88672 1.55138e-07
3.88867 1.528e-07
3.89062 1.50496e-07
3.89258 1.48226e-07
3.89453 1.45988e-07
3.89648 1.43784e-07
3.89844 1.41611e-07
3.90039 1.39471e-07
3.90234 1.37361e-07
3.9043 1.35283e-07
3.90625 1.33235e-07
3.9082 1.31217e-07
3.91016 1.29228e-07
3.91211 1.27269e-07
3.91406 1.25338e-07
3.91602 1.23436e-07
3.91797 1.21562e-07
3.91992 1.19715e-07
3.92188 1.17895e-07
3.92383 1.16103e-07
3.92578 1.14336e-07
3.92773 1.12596e-07
3.92969 1.10881e-07
3.93164 1.09191e-07
3.93359 1.07527e-07
3.93555 1.05887e-07
3.9375 1.04271e-07
3.93945 1.02679e-07
3.94141 1.01111e-07
3.94336 9.95657e-08
3.94531 9.80434e-08
3.94727 9.65436e-08
3.94922 9.50661e-08
3.95117 9.36104e-08
3.95312 9.21764e-08
3.95508 9.07636e-08
3.95703 8.93717e-08
3.95898 8.80006e-08
3.96094 8.66498e-08
3.96289 8.53191e-08
3.96484 8.40082e-08
3.9668 8.27169e-08
3.96875 8.14447e-08
3.9707 8.01915e-08
3.97266 7.8957e-08
3.97461 7.77409e-08
3.97656 7.65429e-08
3.97852 7.53628e-08
3.98047 7.42004e-08
3.98242 7.30553e-08
3.98438 7.19274e-08
3.98633 7.08163e-08
3.98828 6.97218e-08
3.99023 6.86438e-08
3.99219 6.75819e-08
3.99414 6.65359e-08
3.99609 6.55056e-08
3.99805 6.44908e-08
4 6.34912e-08
4.00195 6.25066e-08
4.00391 6.15368e-08
4.00586 6.05816e-08
4.00781 5.96408e-08
4.00977 5.87141e-08
4.01172 5.78014e-08
4.01367 5.69025e-08
4.01562 5.60171e-08
4.01758 5.5145e-08
4.01953 5.42862e-08
4.02148 5.34403e-08
4.02344 5.26071e-08
4.02539 5.17866e-08
4.02734 5.09785e-08
4.0293 5.01826e-08
4.03125 4.93987e-08
4.0332 4.86267e-08
4.03516 4.78665e-08
4.03711 4.71177e-08
4.03906 4.63803e-08
4.04102 4.56541e-08
4.04297 4.49389e-08
4.04492 4.42346e-08
4.04688 4.3541e-08
4.04883 4.2858e-08
4.05078 4.21853e-08
4.05273 4.15229e-08
4.05469 4.08706e-08
4.05664 4.02282e-08
4.05859 3.95956e-08
4.06055 3.89726e-08
4.0625 3.83592e-08
4.06445 3.77551e-08
4.06641 3.71603e-08
4.06836 3.65746e-08
4.07031 3.59978e-08
4.07227 3.54298e-08
4.07422 3.48705e-08
4.07617 3.43198e-08
4.07812 3.37776e-08
4.08008 3.32436e-08
4.08203 3.27179e-08
4.08398 3.22002e-08
4.08594 3.16905e-08
4.08789 3.11886e-08
4.08984 3.06944e-08
4.0918 3.02078e-08
4.09375 2.97287e-08
4.0957 2.92569e-08
4.09766 2.87925e-08
4.09961 2.83352e-08
4.10156 2.78849e-08
4.10352 2.74416e-08
4.10547 2.70051e-08
4.10742 2.65754e-08
4.10938 2.61523e-08
4.11133 2.57358e-08
4.11328 2.53257e-08
4.11523 2.49219e-08
4.11719 2.45244e-08
4.11914 2.4133e-08
4.12109 2.37477e-08
4.12305 2.33684e-08
4.125 2.2995e-08
4.12695 2.26273e-08
4.12891 2.22654e-08
4.13086 2.19091e-08
4.13281 2.15583e-08
4.13477 2.1213e-08
4.13672 2.08731e-08
4.13867 2.05384e-08
4.14062 2.02089e-08
4.14258 1.98846e-08
4.14453 1.95654e-08
4.14648 1.92511e-08
4.14844 1.89417e-08
4.15039 1.86372e-08
4.15234 1.83374e-08
4.1543 1.80423e-08
4.15625 1.77518e-08
4.1582 1.74659e-08
4.16016 1.71844e-08
4.16211 1.69073e-08
4.16406 1.66346e-08
4.16602 1.63661e-08
4.16797 1.61019e-08
4.16992 1.58418e-08
4.17188 1.55858e-08
4.17383 1.53338e-08
4.17578 1.50858e-08
4.17773 1.48416e-08
4.17969 1.46013e-08
4.18164 1.43648e-08
4.18359 1.4132e-08
4.18555 1.39029e-08
4.1875 1.36774e-08
4.18945 1.34554e-08
4.19141 1.3237e-08
4.19336 1.3022e-08
4.19531 1.28104e-08
4.19727 1.26021e-08
4.19922 1.23971e-08
4.20117 1.21954e-08
4.20312 1.19968e-08
4.20508 1.18014e-08
4.20703 1.16091e-08
4.20898 1.14198e-08
4.21094 1.12336e-08
4.21289 1.10503e-08
4.21484 1.08699e-08
4.2168 1.06923e-08
4.21875 1.05176e-08
4.2207 1.03456e-08
4.22266 1.01764e-08
4.22461 1.00099e-08
4.22656 9.84605e-09
4.22852 9.68479e-09
4.23047 9.5261e-09
4.23242 9.36993e-09
4.23438 9.21626e-09
4.23633 9.06504e-09
4.23828 8.91623e-09
4.24023 8.76979e-09
4.24219 8.6257e-09
4.24414 8.48391e-09
4.24609 8.34438e-09
4.24805 8.20709e-09
4.25 8.072e-09
4.25195 7.93907e-09
4.25391 7.80826e-09
4.25586 7.67956e-09
4.25781 7.55292e-09
4.25977 7.42831e-09
4.26172 7.3057e-09
4.26367 7.18505e-09
4.26562 7.06635e-09
4.26758 6.94956e-09
4.26953 6.83464e-09
4.27148 6.72157e-09
4.27344 6.61033e-09
4.27539 6.50087e-09
4.27734 6.39318e-09
4.2793 6.28722e-09
4.28125 6.18297e-09
4.2832 6.08041e-09
4.28516 5.9795e-09
4.28711 5.88022e-09
4.28906 5.78254e-09
4.29102 5.68645e-09
4.29297 5.59191e-09
4.29492 5.49889e-09
4.29688 5.40739e-09
4.29883 5.31736e-09
4.30078 5.2288e-09
4.30273 5.14167e-09
4.30469 5.05595e-09
4.30664 4.97163e-09
4.30859 4.88867e-09
4.31055 4.80706e-09
4.3125 4.72678e-09
4.31445 4.64781e-09
4.31641 4.57011e-09
4.31836 4.49369e-09
4.32031 4.4185e-09
4.32227 4.34454e-09
4.32422 4.27179e-09
4.32617 4.20022e-09
4.32812 4.12982e-09
4.33008 4.06057e-09
4.33203 3.99245e-09
4.33398 3.92545e-09
4.33594 3.85954e-09
4.33789 3.7947e-09
4.33984 3.73093e-09
4.3418 3.6682e-09
4.34375 3.6065e-09
4.3457 3.54581e-09
4.34766 3.48611e-09
4.34961 3.42739e-09
4.35156 3.36964e-09
4.35352 3.31283e-09
4.35547 3.25696e-09
4.35742 3.202e-09
4.35938 3.14795e-09
4.36133 3.09478e-09
4.36328 3.04249e-09
4.36523 2.99107e-09
4.36719 2.94048e-09
4.36914 2.89074e-09
4.37109 2.84181e-09
4.37305 2.79369e-09
4.375 2.74636e-09
4.37695 2.69981e-09
4.37891 2.65403e-09
4.38086 2.60901e-09
4.38281 2.56474e-09
4.38477 2.52119e-09
4.38672 2.47837e-09
4.38867 2.43625e-09
4.39062 2.39483e-09
4.39258 2.3541e-09
4.39453 2.31404e-09
4.39648 2.27465e-09
4.39844 2.23591e-09
4.40039 2.19781e-09
4.40234 2.16035e-09
4.4043 2.12351e-09
4.40625 2.08728e-09
4.4082 2.05165e-09
4.41016 2.01662e-09
4.41211 1.98217e-09
4.41406 1.94829e-09
4.41602 1.91498e-09
4.41797 1.88222e-09
4.41992 1.85001e-09
4.42188 1.81834e-09
4.42383 1.78719e-09
4.42578 1.75657e-09
4.42773 1.72645e-09
4.42969 1.69684e-09
4.43164 1.66773e-09
4.43359 1.6391e-09
4.43555 1.61095e-09
4.4375 1.58327e-09
4.43945 1.55606e-09
4.44141 1.5293e-09
4.44336 1.50299e-09
4.44531 1.47713e-09
4.44727 1.45169e-09
4.44922 1.42668e-09
4.45117 1.4021e-09
4.45312 1.37792e-09
4.45508 1.35416e-09
4.45703 1.33079e-09
4.45898 1.30782e-09
4.46094 1.28523e-09
4.46289 1.26302e-09
4.46484 1.24119e-09
4.4668 1.21973e-09
4.46875 1.19862e-09
4.4707 1.17788e-09
4.47266 1.15748e-09
4.47461 1.13743e-09
4.47656 1.11772e-09
4.47852 1.09834e-09
4.48047 1.07929e-09
4.48242 1.06056e-09
4.48438 1.04215e-09
4.48633 1.02405e-09
4.48828 1.00625e-09
4.49023 9.8876e-10
4.49219 9.71564e-10
4.49414 9.54661e-10
4.49609 9.38044e-10
4.49805 9.2171e-10
4.5 9.05653e-10
4.50195 8.89869e-10
4.50391 8.74353e-10
4.50586 8.59102e-10
4.50781 8.4411e-10
4.50977 8.29373e-10
4.51172 8.14888e-10
4.51367 8.00649e-10
4.51562 7.86653e-10
4.51758 7.72896e-10
4.51953 7.59373e-10
4.52148 7.46082e-10
4.52344 7.33017e-10
4.52539 7.20176e-10
4.52734 7.07555e-10
4.5293 6.95149e-10
4.53125 6.82955e-10
4.5332 6.70971e-10
4.53516 6.59191e-10
4.53711 6.47614e-10
4.53906 6.36235e-10
4.54102 6.25051e-10
4.54297 6.14059e-10
4.54492 6.03256e-10
4.54688 5.92638e-10
4.54883 5.82203e-10
4.55078 5.71947e-10
4.55273 5.61867e-10
4.55469 5.51961e-10
4.55664 5.42226e-10
4.55859 5.32658e-10
4.56055 5.23255e-10
4.5625 5.14014e-10
4.56445 5.04932e-10
4.56641 4.96007e-10
4.56836 4.87236e-10
4.57031 4.78617e-10
4.57227 4.70146e-10
4.57422 4.61822e-10
4.57617 4.53641e-10
4.57812 4.45603e-10
4.58008 4.37703e-10
4.58203 4.2994e-10
4.58398 4.22312e-10
4.58594 4.14815e-10
4.58789 4.07449e-10
4.58984 4.0021e-10
4.5918 3.93097e-10
4.59375 3.86108e-10
4.5957 3.7924e-10
4.59766 3.72491e-10
4.59961 3.6586e-10
4.60156 3.59343e-10
4.60352 3.52941e-10
4.60547 3.46649e-10
4.60742 3.40468e-10
4.60938 3.34393e-10
4.61133 3.28425e-10
4.61328 3.22561e-10
4.61523 3.16799e-10
4.61719 3.11138e-10
4.61914 3.05575e-10
4.62109 3.0011e-10
4.62305 2.9474e-10
4.625 2.89464e-10
4.62695 2.8428e-10
4.62891 2.79187e-10
4.63086 2.74184e-10
4.63281 2.69267e-10
4.63477 2.64437e-10
4.63672 2.59692e-10
4.63867 2.5503e-10
4.64062 2.50449e-10
4.64258 2.45949e-10
4.64453 2.41528e-10
4.64648 2.37185e-10
4.64844 2.32918e-10
4.65039 2.28726e-10
4.65234 2.24607e-10
4.6543 2.20562e-10
4.65625 2.16587e-10
4.6582 2.12682e-10
4.66016 2.08847e-10
4.66211 2.05078e-10
4.66406 2.01377e-10
4.66602 1.9774e-10
4.66797 1.94168e-10
4.66992 1.90659e-10
4.67188 1.87212e-10
4.67383 1.83825e-10
4.67578 1.80499e-10
4.67773 1.77232e-10
4.67969 1.74022e-10
4.68164 1.70869e-10
4.68359 1.67772e-10
4.68555 1.6473e-10
4.6875 1.61742e-10
4.68945 1.58806e-10
4.69141 1.55923e-10
4.69336 1.53091e-10
4.69531 1.5031e-10
4.69727 1.47577e-10
4.69922 1.44894e-10
4.70117 1.42258e-10
4.70312 1.39668e-10
4.70508 1.37125e-10
4.70703 1.34628e-10
4.70898 1.32174e-10
4.71094 1.29765e-10
4.71289 1.27398e-10
4.71484 1.25074e-10
4.7168 1.22791e-10
4.71875 1.20549e-10
4.7207 1.18347e-10
4.72266 1.16184e-10
4.72461 1.1406e-10
4.72656 1.11974e-10
4.72852 1.09925e-10
4.73047 1.07913e-10
4.73242 1.05936e-10
4.73438 1.03996e-10
4.73633 1.0209e-10
4.73828 1.00218e-10
4.74023 9.83797e-11
4.74219 9.65744e-11
4.74414 9.48016e-11
4.74609 9.30605e-11
4.74805 9.13508e-11
4.75 8.96718e-11
4.75195 8.8023e-11
4.75391 8.64038e-11
4.75586 8.48138e-11
4.75781 8.32524e-11
4.75977 8.17191e-11
4.76172 8.02134e-11
4.76367 7.87349e-11
4.76562 7.7283e-11
4.76758 7.58574e-11
4.76953 7.44575e-11
4.77148 7.30828e-11
4.77344 7.1733e-11
4.77539 7.04076e-11
4.77734 6.91061e-11
4.7793 6.78282e-11
4.78125 6.65734e-11
4.7832 6.53413e-11
4.78516 6.41315e-11
4.78711 6.29437e-11
4.78906 6.17773e-11
4.79102 6.06322e-11
4.79297 5.95078e-11
4.79492 5.84038e-11
4.79688 5.73198e-11
4.79883 5.62556e-11
4.80078 5.52106e-11
4.80273 5.41847e-11
4.80469 5.31774e-11
4.80664 5.21885e-11
4.80859 5.12176e-11
4.81055 5.02643e-11
4.8125 4.93284e-11
4.81445 4.84096e-11
4.81641 4.75075e-11
4.81836 4.66218e-11
4.82031 4.57524e-11
4.82227 4.48988e-11
4.82422 4.40608e-11
4.82617 4.32381e-11
4.82812 4.24304e-11
4.83008 4.16375e-11
4.83203 4.08591e-11
4.83398 4.0095e-11
4.83594 3.93448e-11
4.83789 3.86084e-11
4.83984 3.78855e-11
4.8418 3.71758e-11
4.84375 3.64792e-11
4.8457 3.57953e-11
4.84766 3.5124e-11
4.84961 3.4465e-11
4.85156 3.38181e-11
4.85352 3.31832e-11
4.85547 3.25598e-11
4.85742 3.1948e-11
4.85938 3.13474e-11
4.86133 3.07578e-11
4.86328 3.01792e-11
4.86523 2.96111e-11
4.86719 2.90536e-11
4.86914 2.85063e-11
4.87109 2.79691e-11
4.87305 2.74419e-11
4.875 2.69244e-11
4.87695 2.64164e-11
4.87891 2.59178e-11
4.88086 2.54284e-11
4.88281 2.49481e-11
4.88477 2.44767e-11
4.88672 2.4014e-11
4.88867 2.35598e-11
4.89062 2.31141e-11
4.89258 2.26766e-11
4.89453 2.22473e-11
4.89648 2.18259e-11
4.89844 2.14123e-11
4.90039 2.10064e-11
4.90234 2.06081e-11
4.9043 2.02171e-11
4.90625 1.98334e-11
4.9082 1.94568e-11
4.91016 1.90873e-11
4.91211 1.87246e-11
4.91406 1.83687e-11
4.91602 1.80194e-11
4.91797 1.76766e-11
4.91992 1.73402e-11
4.92188 1.701e-11
4.92383 1.6686e-11
4.92578 1.63681e-11
4.92773 1.60561e-11
4.92969 1.575e-11
4.93164 1.54495e-11
4.93359 1.51547e-11
4.93555 1.48654e-11
4.9375 1.45814e-11
4.93945 1.43029e-11
4.94141 1.40295e-11
4.94336 1.37612e-11
4.94531 1.3498e-11
4.94727 1.32397e-11
4.94922 1.29862e-11
4.95117 1.27375e-11
4.95312 1.24935e-11
4.95508 1.22541e-11
4.95703 1.20191e-11
4.95898 1.17886e-11
4.96094 1.15624e-11
4.96289 1.13404e-11
4.96484 1.11226e-11
4.9668 1.0909e-11
4.96875 1.06993e-11
4.9707 1.04936e-11
4.97266 1.02918e-11
4.97461 1.00938e-11
4.97656 9.89948e-12
4.97852 9.70885e-12
4.98047 9.52183e-12
4.98242 9.33834e-12
4.98438 9.15831e-12
4.98633 8.98169e-12
4.98828 8.8084e-12
4.99023 8.6384e-12
4.99219 8.47161e-12
4.99414 8.30797e-12
4.99609 8.14744e-12
4.99805 7.98994e-12

